trial_count	CURRENT_FIX_INTEREST_AREAS	CURRENT_FIX_START	CURRENT_FIX_END	verb_onset	Sentence_duration_ms
0	[ ]	7	701	0	0
0	[ ]	908	992	0	6411.791
0	[ ]	1008	1285	0	0
0	[ ]	1495	1865	0	0
0	[ 1]	1908	2060	0	0
0	[ ]	2099	2241	0	6467.347
0	[ ]	2260	2965	0	0
0	[ ]	2976	3252	0	5891.156
0	[ ]	3262	3492	0	0
0	[ 1]	3699	3726	0	6239.592
0	[ 1]	3762	3916	0	0
0	[ 1]	3954	4188	0	6193.878
0	[ 1]	4218	4491	0	0
0	[ 1]	4516	4891	0	6844.422
0	[ 1]	4911	5077	0	6115.646
0	[ 1]	5094	5469	0	0
0	[ 2]	5530	5673	0	5649.297
0	[ 2]	5706	5938	0	0
0	[ 1]	5989	6278	0	6057.823
0	[ 1]	6318	6484	0	0
0	[ 1]	6499	6787	0	6414.512
0	[ 1]	6796	7320	0	6197.279
0	[ ]	7	585	3220.871	0
0	[ ]	602	782	3220.871	6428.753
0	[ ]	794	988	3220.871	6034.014
0	[ ]	996	1895	3220.871	5729.025
0	[ 3]	1928	2083	3220.871	0
0	[ ]	2119	2248	3220.871	0
0	[ 3]	2295	2465	3220.871	0
0	[ 3]	2480	2723	3220.871	6382.472
0	[ 3]	2763	2905	3220.871	5725.578
0	[ 3]	2923	3215	3220.871	0
0	[ ]	3279	3396	3220.871	0
0	[ 2]	3436	3599	3220.871	5891.156
0	[ 2]	3626	3779	3220.871	6057.823
0	[ 3]	3835	3985	3220.871	0
0	[ 3]	4019	4132	3220.871	0
0	[ 1]	4182	4417	3220.871	6034.014
0	[ 4]	4483	4692	3220.871	6844.422
0	[ 4]	4716	4884	3220.871	5649.297
0	[ 4]	4907	5034	3220.871	0
0	[ 3]	5085	5261	3220.871	0
0	[ 3]	5294	5478	3220.871	6411.791
0	[ 3]	5505	5680	3220.871	0
0	[ 3]	5692	5837	3220.871	6115.646
0	[ 2]	5906	6051	3220.871	6193.878
0	[ 2]	6073	6214	3220.871	0
0	[ 2]	6242	6519	3220.871	0
0	[ 2]	6554	6814	3220.871	6467.347
0	[ 2]	6841	7028	3220.871	0
0	[ 2]	7044	7201	3220.871	0
0	[ 1]	7269	7423	3220.871	6197.279
0	[ 1]	7448	7674	3220.871	0
0	[ 3]	7738	7891	3220.871	6428.753
0	[ 3]	7916	8115	3220.871	5725.578
0	[ 3]	8165	8306	3220.871	6382.472
0	[ 3]	8331	8437	3220.871	0
0	[ 3]	8468	8635	3220.871	6414.512
0	[ 3]	8650	8795	3220.871	5729.025
0	[ 2]	8856	9007	3220.871	0
0	[ 2]	9028	9223	3220.871	0
0	[ 4]	9270	9445	3220.871	6239.592
0	[ 4]	9468	9661	3220.871	0
0	[ 4]	9679	9780	3220.871	0
0	[ 4]	9819	9975	3220.871	0
0	[ 4]	10001	10079	3220.871	0
0	[ 2]	10144	10500	3220.871	0
0	[ ]	7	160	2881.856	0
0	[ ]	174	445	2881.856	0
0	[ ]	460	786	2881.856	0
0	[ ]	808	1861	2881.856	0
0	[ 3]	1900	2045	2881.856	0
0	[ 3]	2061	2254	2881.856	0
0	[ 3]	2297	2467	2881.856	0
0	[ 3]	2478	2813	2881.856	0
0	[ 1]	2862	3021	2881.856	0
0	[ 1]	3041	3820	2881.856	0
0	[ 1]	3872	4049	2881.856	0
0	[ 3]	4102	4218	2881.856	0
0	[ 3]	4242	4586	2881.856	0
0	[ 3]	4613	4753	2881.856	0
0	[ 1]	4803	4965	2881.856	0
0	[ 3]	5027	5186	2881.856	0
0	[ 3]	5208	5460	2881.856	0
0	[ 1]	5509	5757	2881.856	0
0	[ 1]	5778	5878	2881.856	0
0	[ 2]	5936	6104	2881.856	0
0	[ 2]	6126	6356	2881.856	0
0	[ 4]	6420	6614	2881.856	0
0	[ 4]	6655	6841	2881.856	0
0	[ 4]	6860	7004	2881.856	0
0	[ 4]	7029	7246	2881.856	0
0	[ 4]	7258	7312	2881.856	0
0	[ 3]	7378	7467	2881.856	0
0	[ 1]	7513	7658	2881.856	0
0	[ 1]	7681	7916	2881.856	0
0	[ 1]	7945	8113	2881.856	0
0	[ 1]	8134	8314	2881.856	0
0	[ 1]	8341	8499	2881.856	0
0	[ 1]	8513	8837	2881.856	0
0	[ 1]	8877	9009	2881.856	0
0	[ ]	7	648	0	0
0	[ ]	668	826	0	0
0	[ ]	848	1018	0	0
0	[ ]	1026	1388	0	0
0	[ ]	1407	1828	0	0
0	[ 3]	1867	2101	0	0
0	[ 3]	2118	2255	0	0
0	[ 3]	2279	2777	0	0
0	[ 2]	2944	3091	0	0
0	[ 2]	3286	3379	0	0
0	[ 3]	3436	3600	0	0
0	[ 3]	3625	3802	0	0
0	[ 2]	3873	4049	0	0
0	[ 2]	4076	4255	0	0
0	[ 3]	4314	4576	0	0
0	[ 3]	4597	4943	0	0
0	[ 3]	4967	5362	0	0
0	[ 3]	5383	5567	0	0
0	[ 2]	5635	5815	0	0
0	[ 2]	5841	5996	0	0
0	[ 2]	6038	6554	0	0
0	[ 2]	6578	7103	0	0
0	[ 3]	7310	7354	0	0
1	[ ]	7	596	0	0
1	[ ]	607	1894	0	0
1	[ ]	1920	2023	0	0
1	[ 1]	2057	2205	0	0
1	[ 1]	2234	2437	0	0
1	[ 3]	2704	2835	0	0
1	[ 3]	3033	3181	0	0
1	[ 1]	3247	3407	0	0
1	[ 1]	3449	3843	0	0
1	[ 2]	3903	4219	0	0
1	[ 2]	4243	4722	0	0
1	[ 2]	4742	4956	0	0
1	[ 1]	5010	5293	0	0
1	[ 1]	5332	5528	0	0
1	[ 1]	5555	5691	0	0
1	[ 1]	5715	6407	0	0
2	[ ]	7	478	3108.201	0
2	[ ]	496	795	3108.201	0
2	[ ]	811	1890	3108.201	0
2	[ ]	1915	2042	3108.201	0
2	[ 3]	2069	2253	3108.201	0
2	[ 3]	2265	2354	3108.201	0
2	[ 3]	2381	2576	3108.201	0
2	[ 3]	2585	2807	3108.201	0
2	[ 4]	2861	3011	3108.201	0
2	[ 4]	3031	3188	3108.201	0
2	[ 4]	3217	3505	3108.201	0
2	[ 4]	3528	3752	3108.201	0
2	[ 4]	3771	3899	3108.201	0
2	[ 4]	3921	4084	3108.201	0
2	[ 4]	4124	4310	3108.201	0
2	[ 4]	4341	4545	3108.201	0
2	[ 4]	4565	4704	3108.201	0
2	[ 4]	4731	5018	3108.201	0
2	[ 4]	5032	5341	3108.201	0
2	[ 4]	5362	5497	3108.201	0
2	[ 3]	5565	5685	3108.201	0
2	[ 3]	5712	6191	3108.201	0
2	[ 4]	6240	6720	3108.201	0
2	[ 3]	6797	6919	3108.201	0
2	[ 3]	6943	7329	3108.201	0
2	[ 3]	7363	7560	3108.201	0
2	[ 3]	7580	7897	3108.201	0
2	[ 2]	7953	8159	3108.201	0
2	[ 2]	8169	8412	3108.201	0
2	[ 2]	8441	8810	3108.201	0
3	[ ]	7	534	0	0
3	[ ]	545	813	0	0
3	[ ]	825	1823	0	0
3	[ 3]	1865	2017	0	0
3	[ 3]	2038	2250	0	0
3	[ 3]	2488	2567	0	0
3	[ 2]	2616	2907	0	0
3	[ 2]	2926	3136	0	0
3	[ 3]	3190	3350	0	0
3	[ 3]	3379	3580	0	0
3	[ 1]	3848	4018	0	0
3	[ 1]	4044	4309	0	0
3	[ 1]	4324	4853	0	0
3	[ 1]	4874	5178	0	0
3	[ 1]	5200	5534	0	0
3	[ 1]	5571	5866	0	0
3	[ 1]	5888	6165	0	0
4	[ ]	7	639	0	0
4	[ ]	661	904	0	0
4	[ ]	926	1218	0	0
4	[ ]	1226	1866	0	0
4	[ ]	1880	2019	0	0
4	[ 4]	2198	2338	0	0
4	[ 4]	2360	2755	0	0
4	[ 4]	2779	3079	0	0
4	[ 4]	3106	3344	0	0
4	[ 4]	3366	3474	0	0
4	[ 2]	3523	3766	0	0
4	[ 2]	3789	4025	0	0
4	[ 2]	4038	4190	0	0
4	[ 3]	4254	4535	0	0
4	[ 3]	4556	4666	0	0
4	[ 2]	4723	4982	0	0
4	[ 2]	4998	5395	0	0
4	[ 2]	5417	5831	0	0
4	[ 2]	5857	6316	0	0
4	[ 2]	6334	6456	0	0
5	[ ]	7	482	0	0
5	[ ]	496	813	0	0
5	[ ]	827	1585	0	0
5	[ ]	1604	1864	0	0
5	[ 3]	1908	2093	0	0
5	[ 3]	2115	2343	0	0
5	[ 3]	2565	2761	0	0
5	[ 1]	2823	2997	0	0
5	[ 1]	3021	3172	0	0
5	[ 1]	3372	3515	0	0
5	[ 3]	3576	3779	0	0
5	[ 2]	3822	4139	0	0
5	[ 2]	4161	4980	0	0
5	[ 2]	4994	5341	0	0
5	[ 3]	5401	5721	0	0
5	[ 3]	5735	5916	0	0
5	[ 2]	5974	7048	0	0
6	[ ]	7	499	3135.133	0
6	[ ]	519	843	3135.133	0
6	[ ]	859	1390	3135.133	0
6	[ 4]	1599	1730	3135.133	0
6	[ 2]	1758	1883	3135.133	0
6	[ 2]	1923	2121	3135.133	0
6	[ 2]	2147	2460	3135.133	0
6	[ 2]	2485	2829	3135.133	0
6	[ 2]	2854	3050	3135.133	0
6	[ 2]	3061	3284	3135.133	0
6	[ 2]	3318	3486	3135.133	0
6	[ 2]	3500	3662	3135.133	0
6	[ 2]	3692	3827	3135.133	0
6	[ 2]	3848	4107	3135.133	0
6	[ 3]	4180	4300	3135.133	0
6	[ 3]	4324	4531	3135.133	0
6	[ 4]	4599	4725	3135.133	0
6	[ 4]	4750	4953	3135.133	0
6	[ 1]	5029	5146	3135.133	0
6	[ 1]	5170	5462	3135.133	0
6	[ 1]	5492	5703	3135.133	0
6	[ 1]	5729	5991	3135.133	0
6	[ 1]	6021	6236	3135.133	0
6	[ 1]	6267	6615	3135.133	0
6	[ 1]	6640	7809	3135.133	0
7	[ ]	7	370	0	0
7	[ 2]	598	812	0	0
7	[ ]	854	1075	0	0
7	[ ]	1087	1861	0	0
7	[ 2]	1904	2069	0	0
7	[ 2]	2091	2244	0	0
7	[ 2]	2268	2527	0	0
7	[ 2]	2723	2919	0	0
7	[ 2]	2943	3182	0	0
7	[ 2]	3210	3356	0	0
7	[ 4]	3402	3539	0	0
7	[ 4]	3572	3735	0	0
7	[ 3]	3805	3946	0	0
7	[ 3]	3968	4169	0	0
7	[ 4]	4356	4534	0	0
7	[ 4]	4573	4932	0	0
7	[ 4]	4976	5527	0	0
7	[ 4]	5546	5865	0	0
7	[ 4]	5878	6150	0	0
7	[ 4]	6175	6714	0	0
8	[ ]	7	692	2604.484	0
8	[ ]	713	829	2604.484	0
8	[ ]	867	991	2604.484	0
8	[ ]	1008	1816	2604.484	0
8	[ 1]	1856	2010	2604.484	0
8	[ 1]	2033	2183	2604.484	0
8	[ 1]	2208	2365	2604.484	0
8	[ 1]	2387	2665	2604.484	0
8	[ 1]	2691	2899	2604.484	0
8	[ 1]	2925	3157	2604.484	0
8	[ 1]	3167	3405	2604.484	0
8	[ 2]	3471	3621	2604.484	0
8	[ 2]	3646	3802	2604.484	0
8	[ 4]	3885	3991	2604.484	0
8	[ 4]	4019	4117	2604.484	0
8	[ 3]	4184	4323	2604.484	0
8	[ 3]	4343	4754	2604.484	0
8	[ 3]	4783	5109	2604.484	0
8	[ 3]	5141	5229	2604.484	0
8	[ 1]	5299	5452	2604.484	0
8	[ 1]	5474	5758	2604.484	0
8	[ 1]	5777	6054	2604.484	0
8	[ 1]	6072	6188	2604.484	0
8	[ 1]	6212	6877	2604.484	0
8	[ 1]	6906	7051	2604.484	0
8	[ 2]	7106	7237	2604.484	0
8	[ 2]	7261	7394	2604.484	0
8	[ 1]	7460	7837	2604.484	0
8	[ 1]	7859	8048	2604.484	0
9	[ ]	7	1119	0	0
9	[ ]	1328	1529	0	0
9	[ 1]	1550	1905	0	0
9	[ ]	1929	2017	0	0
9	[ 2]	2050	2306	0	0
9	[ 2]	2481	2940	0	0
9	[ 2]	2959	3155	0	0
9	[ 2]	3183	3355	0	0
9	[ 4]	3414	3688	0	0
9	[ 4]	3734	3923	0	0
9	[ 1]	4149	4286	0	0
9	[ 1]	4310	4415	0	0
9	[ 4]	4476	4678	0	0
9	[ 1]	4736	4819	0	0
9	[ 4]	4877	4998	0	0
9	[ 1]	5061	5302	0	0
9	[ 1]	5341	5713	0	0
9	[ 1]	5735	6130	0	0
10	[ ]	7	512	2974.021	0
10	[ ]	1410	1527	2974.021	0
10	[ ]	1562	1862	2974.021	0
10	[ 4]	1915	2070	2974.021	0
10	[ 4]	2096	2265	2974.021	0
10	[ 4]	2303	2485	2974.021	0
10	[ 4]	2503	2708	2974.021	0
10	[ 4]	2741	2876	2974.021	0
10	[ 4]	2895	3139	2974.021	0
10	[ 3]	3191	3359	2974.021	0
10	[ 3]	3380	3584	2974.021	0
10	[ 3]	3609	3853	2974.021	0
10	[ 3]	3876	4146	2974.021	0
10	[ 4]	4208	4361	2974.021	0
10	[ 4]	4374	4998	2974.021	0
10	[ 1]	5072	5215	2974.021	0
10	[ 1]	5243	5410	2974.021	0
10	[ 2]	5458	5704	2974.021	0
10	[ 2]	5731	5834	2974.021	0
10	[ 4]	5883	6049	2974.021	0
10	[ 4]	6080	6201	2974.021	0
10	[ 3]	6263	6423	2974.021	0
10	[ 3]	6452	6571	2974.021	0
10	[ 3]	6612	6915	2974.021	0
10	[ 3]	6923	7789	2974.021	0
11	[ ]	7	685	0	0
11	[ ]	704	894	0	0
11	[ ]	914	1195	0	0
11	[ ]	1416	1669	0	0
11	[ ]	1685	1842	0	0
11	[ 2]	1883	2093	0	0
11	[ 2]	2120	2425	0	0
11	[ 2]	2591	2974	0	0
11	[ 2]	2999	3406	0	0
11	[ 2]	3455	3591	0	0
11	[ 4]	3636	3822	0	0
11	[ 4]	3854	4193	0	0
11	[ 4]	4214	4869	0	0
11	[ 1]	4937	5179	0	0
11	[ 1]	5212	5647	0	0
11	[ 1]	5682	6072	0	0
11	[ 1]	6094	6117	0	0
11	[ 1]	6550	6703	0	0
12	[ 3]	7	587	4437.052	0
12	[ 3]	608	797	4437.052	0
12	[ 3]	817	1038	4437.052	0
12	[ 3]	1050	1621	4437.052	0
12	[ 3]	1645	1907	4437.052	0
12	[ 2]	1965	2103	4437.052	0
12	[ 2]	2131	2304	4437.052	0
12	[ 2]	2316	2503	4437.052	0
12	[ 1]	2557	2702	4437.052	0
12	[ 1]	2721	2852	4437.052	0
12	[ 4]	2902	3121	4437.052	0
12	[ 4]	3134	3296	4437.052	0
12	[ 4]	3330	3758	4437.052	0
12	[ 3]	3826	3963	4437.052	0
12	[ 3]	3983	4083	4437.052	0
12	[ 2]	4151	4288	4437.052	0
12	[ 2]	4314	4467	4437.052	0
12	[ 1]	4519	4704	4437.052	0
12	[ 4]	4766	5069	4437.052	0
12	[ 4]	5100	5590	4437.052	0
12	[ 4]	5613	5746	4437.052	0
12	[ 1]	5813	5937	4437.052	0
12	[ 1]	5965	6515	4437.052	0
12	[ 1]	6525	6717	4437.052	0
12	[ 1]	6735	7038	4437.052	0
12	[ 1]	7051	7338	4437.052	0
12	[ 1]	7363	7524	4437.052	0
12	[ 1]	7546	7711	4437.052	0
12	[ 1]	7723	7906	4437.052	0
12	[ 1]	7935	8303	4437.052	0
12	[ 1]	8324	8732	4437.052	0
13	[ ]	7	136	0	0
13	[ ]	399	668	0	0
13	[ ]	692	857	0	0
13	[ ]	883	1614	0	0
13	[ ]	1632	1837	0	0
13	[ 3]	1879	2024	0	0
13	[ 3]	2049	2293	0	0
13	[ 3]	2317	2581	0	0
13	[ 3]	2600	2792	0	0
13	[ 3]	2812	3094	0	0
13	[ 3]	3121	3423	0	0
13	[ 3]	3447	3687	0	0
13	[ 3]	3714	4017	0	0
13	[ 2]	4088	4221	0	0
13	[ 2]	4246	4570	0	0
13	[ 2]	4597	4767	0	0
13	[ 2]	4796	5173	0	0
13	[ 2]	5195	5484	0	0
13	[ 2]	5496	5593	0	0
13	[ 4]	5654	5801	0	0
13	[ 4]	5824	6050	0	0
13	[ 1]	6109	6329	0	0
13	[ 1]	6352	7180	0	0
13	[ 1]	7206	7292	0	0
14	[ 4]	7	842	3276.21	0
14	[ ]	862	1887	3276.21	0
14	[ 1]	1918	2095	3276.21	0
14	[ 2]	2154	2262	3276.21	0
14	[ 2]	2285	2504	3276.21	0
14	[ 2]	2522	2657	3276.21	0
14	[ 1]	2707	2866	3276.21	0
14	[ 1]	2891	3194	3276.21	0
14	[ 3]	3248	3548	3276.21	0
14	[ 3]	3570	3722	3276.21	0
14	[ 4]	3788	3893	3276.21	0
14	[ 2]	3963	4184	3276.21	0
14	[ 2]	4210	4363	3276.21	0
14	[ 2]	4406	4544	3276.21	0
14	[ 2]	4566	4650	3276.21	0
14	[ 2]	4676	4836	3276.21	0
14	[ 1]	4887	5166	3276.21	0
14	[ 1]	5195	5308	3276.21	0
14	[ 1]	5348	5475	3276.21	0
14	[ 2]	5547	5732	3276.21	0
14	[ 1]	5792	5983	3276.21	0
14	[ 1]	5998	6151	3276.21	0
14	[ 1]	6195	6442	3276.21	0
14	[ 1]	6472	6688	3276.21	0
14	[ 1]	6703	6908	3276.21	0
14	[ 1]	6935	7151	3276.21	0
14	[ 1]	7201	7319	3276.21	0
14	[ 1]	7346	7525	3276.21	0
14	[ 1]	7554	7870	3276.21	0
15	[ ]	198	674	2840.398	0
15	[ ]	696	812	2840.398	0
15	[ ]	839	1338	2840.398	0
15	[ ]	1526	1874	2840.398	0
15	[ 1]	1917	2015	2840.398	0
15	[ 1]	2044	2219	2840.398	0
15	[ 1]	2228	2401	2840.398	0
15	[ 2]	2456	2589	2840.398	0
15	[ 2]	2614	2878	2840.398	0
15	[ 4]	2929	3177	2840.398	0
15	[ 4]	3189	3796	2840.398	0
15	[ 4]	3815	3918	2840.398	0
15	[ 2]	3980	4113	2840.398	0
15	[ 4]	4170	4335	2840.398	0
15	[ 3]	4406	4534	2840.398	0
15	[ 3]	4565	4698	2840.398	0
15	[ 3]	4742	4894	2840.398	0
15	[ 4]	4942	5120	2840.398	0
15	[ 4]	5146	5361	2840.398	0
15	[ 4]	5395	5564	2840.398	0
15	[ 4]	5583	5970	2840.398	0
15	[ 4]	5981	6077	2840.398	0
15	[ 4]	6107	6689	2840.398	0
15	[ 4]	6736	6979	2840.398	0
15	[ 4]	6999	7575	2840.398	0
15	[ 4]	7598	7678	2840.398	0
16	[ ]	7	119	0	0
16	[ ]	138	531	0	0
16	[ ]	803	946	0	0
16	[ ]	966	1869	0	0
16	[ ]	1915	2037	0	0
16	[ 1]	2081	2312	0	0
16	[ 1]	2592	2721	0	0
16	[ 3]	2771	3090	0	0
16	[ 3]	3115	3275	0	0
16	[ 1]	3326	3549	0	0
16	[ 1]	3576	3766	0	0
16	[ 4]	3840	4072	0	0
16	[ 4]	4095	4511	0	0
16	[ 4]	4526	4743	0	0
16	[ 1]	4794	5216	0	0
16	[ 1]	5242	5501	0	0
16	[ 1]	5546	5921	0	0
16	[ 1]	5948	6199	0	0
16	[ 1]	6213	6396	0	0
17	[ ]	7	718	2623.803	0
17	[ ]	731	943	2623.803	0
17	[ ]	962	1560	2623.803	0
17	[ ]	1810	2002	2623.803	0
17	[ 2]	2038	2098	2623.803	0
17	[ ]	2309	2403	2623.803	0
17	[ 2]	2438	2610	2623.803	0
17	[ 2]	2629	2877	2623.803	0
17	[ 2]	2901	3103	2623.803	0
17	[ 2]	3128	3445	2623.803	0
17	[ 4]	3509	3644	2623.803	0
17	[ 4]	3680	3864	2623.803	0
17	[ 1]	3933	4116	2623.803	0
17	[ 1]	4137	4359	2623.803	0
17	[ 1]	4372	4625	2623.803	0
17	[ 1]	4656	4924	2623.803	0
17	[ 1]	4933	5170	2623.803	0
17	[ 1]	5188	5473	2623.803	0
17	[ 1]	5497	5687	2623.803	0
17	[ 1]	5734	5846	2623.803	0
17	[ 1]	6309	6474	2623.803	0
17	[ 1]	6485	6857	2623.803	0
18	[ ]	7	708	0	0
18	[ ]	717	877	0	0
18	[ ]	887	1972	0	0
18	[ 2]	2025	2181	0	0
18	[ 2]	2204	2475	0	0
18	[ 2]	2494	2729	0	0
18	[ 3]	2806	3331	0	0
18	[ 3]	3347	3526	0	0
18	[ 3]	3549	3712	0	0
18	[ 1]	3769	3908	0	0
18	[ 3]	3976	4218	0	0
18	[ 3]	4467	4654	0	0
18	[ ]	4695	4795	0	0
18	[ 2]	4856	5103	0	0
18	[ 2]	5146	5437	0	0
18	[ 2]	5462	5630	0	0
18	[ 2]	5650	6169	0	0
19	[ ]	7	502	2727.394	0
19	[ 1]	526	697	2727.394	0
19	[ ]	722	1414	2727.394	0
19	[ ]	1422	1911	2727.394	0
19	[ 4]	1957	2121	2727.394	0
19	[ 4]	2131	2261	2727.394	0
19	[ 4]	2287	2456	2727.394	0
19	[ 4]	2471	2645	2727.394	0
19	[ 3]	2694	2902	2727.394	0
19	[ 3]	2919	3155	2727.394	0
19	[ 3]	3198	3476	2727.394	0
19	[ 2]	3533	3752	2727.394	0
19	[ 2]	3777	3928	2727.394	0
19	[ 2]	3948	4059	2727.394	0
19	[ 2]	4088	4326	2727.394	0
19	[ 3]	4392	4506	2727.394	0
19	[ 3]	4530	4775	2727.394	0
19	[ 3]	4794	5078	2727.394	0
19	[ 1]	5159	5343	2727.394	0
19	[ 1]	5367	5542	2727.394	0
19	[ 1]	5567	5807	2727.394	0
19	[ 1]	5831	6249	2727.394	0
19	[ 1]	6274	6470	2727.394	0
19	[ 1]	6490	6674	2727.394	0
19	[ 1]	6699	6907	2727.394	0
19	[ 1]	6934	7246	2727.394	0
20	[ ]	7	454	0	0
20	[ ]	470	814	0	0
20	[ ]	834	1586	0	0
20	[ ]	1607	1884	0	0
20	[ ]	1904	2448	0	0
20	[ 2]	2725	2809	0	0
20	[ 1]	2868	3206	0	0
20	[ 1]	3227	3615	0	0
20	[ 1]	3623	3868	0	0
20	[ 3]	3943	4677	0	0
20	[ 3]	4697	4909	0	0
20	[ 1]	4956	5299	0	0
20	[ 1]	5326	5802	0	0
20	[ 1]	5827	6367	0	0
21	[ ]	7	165	4516.917	0
21	[ 4]	214	412	4516.917	0
21	[ 4]	439	822	4516.917	0
21	[ ]	844	2012	4516.917	0
21	[ ]	2037	2369	4516.917	0
21	[ 2]	2401	2603	4516.917	0
21	[ 2]	2630	2787	4516.917	0
21	[ 3]	2836	3009	4516.917	0
21	[ 3]	3030	3132	4516.917	0
21	[ 3]	3160	3310	4516.917	0
21	[ 3]	3341	3543	4516.917	0
21	[ 1]	3591	3763	4516.917	0
21	[ 1]	3783	3882	4516.917	0
21	[ 3]	3941	4113	4516.917	0
21	[ 1]	4166	4380	4516.917	0
21	[ 3]	4443	4694	4516.917	0
21	[ 2]	4748	4878	4516.917	0
21	[ 2]	4922	5082	4516.917	0
21	[ 2]	5105	5310	4516.917	0
21	[ 2]	5322	5517	4516.917	0
21	[ 3]	5574	5800	4516.917	0
21	[ 3]	5827	6002	4516.917	0
21	[ 3]	6027	6169	4516.917	0
21	[ 2]	6234	6378	4516.917	0
21	[ 2]	6402	6553	4516.917	0
21	[ 2]	6589	6870	4516.917	0
21	[ 2]	6898	7369	4516.917	0
21	[ 2]	7410	7645	4516.917	0
21	[ 2]	7683	8063	4516.917	0
22	[ ]	13	300	2840.542	0
22	[ ]	317	574	2840.542	0
22	[ ]	595	787	2840.542	0
22	[ ]	815	1841	2840.542	0
22	[ 1]	1894	1982	2840.542	0
22	[ 1]	2010	2130	2840.542	0
22	[ 1]	2148	2362	2840.542	0
22	[ 1]	2392	2939	2840.542	0
22	[ 1]	2973	3194	2840.542	0
22	[ 4]	3253	3398	2840.542	0
22	[ 4]	3424	3614	2840.542	0
22	[ 4]	3627	3742	2840.542	0
22	[ 2]	3803	3914	2840.542	0
22	[ 2]	3942	4115	2840.542	0
22	[ 3]	4188	4304	2840.542	0
22	[ 3]	4326	4502	2840.542	0
22	[ 3]	4535	4834	2840.542	0
22	[ 2]	4883	5099	2840.542	0
22	[ 2]	5123	5383	2840.542	0
22	[ 2]	5408	5577	2840.542	0
22	[ 2]	5603	5878	2840.542	0
22	[ 2]	5906	6213	2840.542	0
22	[ 2]	6239	6405	2840.542	0
22	[ 2]	6422	6576	2840.542	0
22	[ 3]	6638	6857	2840.542	0
22	[ 2]	6906	7552	2840.542	0
23	[ ]	7	181	0	0
23	[ ]	189	680	0	0
23	[ ]	702	822	0	0
23	[ ]	848	1837	0	0
23	[ 4]	1881	2052	0	0
23	[ 4]	2082	2304	0	0
23	[ 4]	2325	2926	0	0
23	[ 4]	2955	3158	0	0
23	[ 4]	3184	3476	0	0
23	[ 1]	3539	3668	0	0
23	[ 1]	3694	3820	0	0
23	[ 1]	3852	4757	0	0
23	[ 1]	4764	5022	0	0
23	[ 3]	5096	5212	0	0
23	[ 3]	5247	5439	0	0
23	[ 3]	5664	5767	0	0
23	[ 3]	5793	6230	0	0
23	[ 3]	6240	6542	0	0
23	[ 1]	6604	6840	0	0
23	[ 1]	6867	7070	0	0
23	[ 1]	7113	7336	0	0
23	[ 1]	7379	7879	0	0
24	[ ]	52	281	4788.153	0
24	[ ]	339	453	4788.153	0
24	[ ]	508	743	4788.153	0
24	[ ]	784	927	4788.153	0
24	[ ]	954	1220	4788.153	0
24	[ 2]	1230	1888	4788.153	0
24	[ 4]	1952	2094	4788.153	0
24	[ 4]	2122	2522	4788.153	0
24	[ 4]	2537	2701	4788.153	0
24	[ 4]	2711	2969	4788.153	0
24	[ 4]	2989	3126	4788.153	0
24	[ 4]	3150	3279	4788.153	0
24	[ 4]	3312	3553	4788.153	0
24	[ 4]	3577	3713	4788.153	0
24	[ 4]	3722	3871	4788.153	0
24	[ 4]	3901	4003	4788.153	0
24	[ 4]	4033	4288	4788.153	0
24	[ 4]	4317	4600	4788.153	0
24	[ 4]	4626	4781	4788.153	0
24	[ 1]	4836	5041	4788.153	0
24	[ 1]	5066	5239	4788.153	0
24	[ 3]	5298	5547	4788.153	0
24	[ 3]	5561	5924	4788.153	0
24	[ 3]	5944	6303	4788.153	0
24	[ 3]	6335	6549	4788.153	0
24	[ 3]	6588	6750	4788.153	0
24	[ 3]	6781	7046	4788.153	0
24	[ 1]	7115	7297	4788.153	0
24	[ 1]	7322	7466	4788.153	0
24	[ 1]	7506	7719	4788.153	0
24	[ 1]	7737	8031	4788.153	0
24	[ 1]	8079	8345	4788.153	0
25	[ ]	7	537	2728.933	0
25	[ ]	560	805	2728.933	0
25	[ ]	812	1318	2728.933	0
25	[ ]	1679	1703	2728.933	0
25	[ ]	1896	1953	2728.933	0
25	[ 4]	1998	2146	2728.933	0
25	[ 4]	2172	2372	2728.933	0
25	[ 4]	2399	2568	2728.933	0
25	[ 4]	2579	2757	2728.933	0
25	[ 3]	2931	3048	2728.933	0
25	[ 3]	3073	3266	2728.933	0
25	[ 3]	3274	3560	2728.933	0
25	[ 3]	3608	3750	2728.933	0
25	[ 3]	3771	3968	2728.933	0
25	[ 4]	4036	4280	2728.933	0
25	[ 4]	4303	4440	2728.933	0
25	[ 3]	4499	4795	2728.933	0
25	[ 3]	4814	5129	2728.933	0
25	[ 3]	5144	5220	2728.933	0
25	[ 4]	5283	5458	2728.933	0
25	[ 4]	5467	5690	2728.933	0
25	[ 4]	5711	5806	2728.933	0
25	[ 4]	5833	6039	2728.933	0
25	[ ]	6114	6189	2728.933	0
25	[ 2]	6246	6364	2728.933	0
25	[ 1]	6426	6606	2728.933	0
25	[ 1]	6626	6735	2728.933	0
25	[ 1]	6783	6994	2728.933	0
25	[ 1]	7005	7618	2728.933	0
26	[ ]	7	478	2556.083	0
26	[ ]	691	800	2556.083	0
26	[ ]	821	1123	2556.083	0
26	[ ]	1131	1366	2556.083	0
26	[ ]	1374	1905	2556.083	0
26	[ 4]	1966	2102	2556.083	0
26	[ 4]	2131	2344	2556.083	0
26	[ 4]	2356	2641	2556.083	0
26	[ 4]	2671	2924	2556.083	0
26	[ 4]	2945	3120	2556.083	0
26	[ 4]	3138	3365	2556.083	0
26	[ 3]	3413	3619	2556.083	0
26	[ 3]	3641	3792	2556.083	0
26	[ 1]	3856	4115	2556.083	0
26	[ 1]	4142	4454	2556.083	0
26	[ 4]	4531	4682	2556.083	0
26	[ 4]	4707	4856	2556.083	0
26	[ 4]	4885	5120	2556.083	0
26	[ 4]	5149	5288	2556.083	0
26	[ 3]	5381	5536	2556.083	0
26	[ 3]	5556	5696	2556.083	0
26	[ 1]	5753	5936	2556.083	0
26	[ 1]	5956	6132	2556.083	0
26	[ 4]	6224	6362	2556.083	0
26	[ 4]	6400	6547	2556.083	0
26	[ 4]	6566	6818	2556.083	0
26	[ 4]	6844	7146	2556.083	0
27	[ ]	7	296	0	0
27	[ ]	312	819	0	0
27	[ ]	838	1860	0	0
27	[ ]	1906	2108	0	0
27	[ 4]	2367	2515	0	0
27	[ 4]	2735	2976	0	0
27	[ 4]	3148	3391	0	0
27	[ 3]	3434	3597	0	0
27	[ 3]	3661	3735	0	0
27	[ 1]	3796	4036	0	0
27	[ 2]	4104	4446	0	0
27	[ 1]	4523	4745	0	0
27	[ 1]	4772	5202	0	0
27	[ 1]	5231	5563	0	0
27	[ 1]	5836	6456	0	0
28	[ ]	7	393	0	0
28	[ ]	418	773	0	0
28	[ ]	794	1334	0	0
28	[ ]	1341	1573	0	0
28	[ ]	1581	1875	0	0
28	[ ]	1897	1989	0	0
28	[ 1]	2040	2164	0	0
28	[ 4]	2422	2597	0	0
28	[ 4]	2625	2880	0	0
28	[ 3]	2928	3139	0	0
28	[ 2]	3212	3350	0	0
28	[ 3]	3407	3897	0	0
28	[ 3]	3917	4076	0	0
28	[ 1]	4156	4364	0	0
28	[ 1]	4387	4910	0	0
28	[ 3]	4986	5256	0	0
28	[ 3]	5280	5494	0	0
28	[ 3]	5534	6047	0	0
28	[ 3]	6058	6228	0	0
28	[ 3]	6259	6581	0	0
29	[ ]	7	889	0	0
29	[ ]	898	1411	0	0
29	[ ]	1435	1882	0	0
29	[ 2]	1921	2044	0	0
29	[ 2]	2281	2324	0	0
29	[ 1]	2533	2822	0	0
29	[ 1]	3001	3193	0	0
29	[ 1]	3226	3348	0	0
29	[ 1]	3378	3597	0	0
29	[ 1]	3618	3884	0	0
29	[ 1]	3905	4180	0	0
29	[ 1]	4202	4642	0	0
29	[ 1]	4675	5038	0	0
29	[ 1]	5063	5212	0	0
29	[ 1]	5239	5406	0	0
29	[ 4]	5467	5654	0	0
29	[ 1]	5717	5955	0	0
29	[ 1]	5980	6386	0	0
29	[ 1]	6410	6875	0	0
30	[ ]	7	449	3081.022	0
30	[ ]	473	777	3081.022	0
30	[ ]	788	1630	3081.022	0
30	[ ]	1637	1865	3081.022	0
30	[ 2]	1909	2077	3081.022	0
30	[ 2]	2096	2277	3081.022	0
30	[ 2]	2307	2589	3081.022	0
30	[ 2]	2616	2913	3081.022	0
30	[ 1]	3118	3214	3081.022	0
30	[ 1]	3240	3422	3081.022	0
30	[ 1]	3451	3614	3081.022	0
30	[ 1]	3630	3777	3081.022	0
30	[ 3]	3842	4097	3081.022	0
30	[ 3]	4118	4336	3081.022	0
30	[ 3]	4384	4625	3081.022	0
30	[ 3]	4662	4906	3081.022	0
30	[ 3]	4933	5130	3081.022	0
30	[ 3]	5165	5215	3081.022	0
30	[ 1]	5273	5540	3081.022	0
30	[ 1]	5566	5792	3081.022	0
30	[ 1]	5810	6399	3081.022	0
30	[ 1]	6442	6692	3081.022	0
30	[ 4]	6763	6981	3081.022	0
30	[ 4]	7017	7043	3081.022	0
30	[ 2]	7113	7455	3081.022	0
30	[ 2]	7479	7763	3081.022	0
30	[ 2]	7803	7936	3081.022	0
30	[ 4]	7981	8158	3081.022	0
30	[ 2]	8220	8372	3081.022	0
31	[ ]	7	95	2566.177	0
31	[ ]	122	791	2566.177	0
31	[ ]	812	1439	2566.177	0
31	[ ]	1448	1712	2566.177	0
31	[ ]	1722	1935	2566.177	0
31	[ 1]	1993	2132	2566.177	0
31	[ 1]	2149	2477	2566.177	0
31	[ 1]	2488	2643	2566.177	0
31	[ 1]	2660	2830	2566.177	0
31	[ 1]	2868	2998	2566.177	0
31	[ 3]	3048	3197	2566.177	0
31	[ 3]	3217	3341	2566.177	0
31	[ 2]	3404	3656	2566.177	0
31	[ 4]	3735	3849	2566.177	0
31	[ 1]	3907	4055	2566.177	0
31	[ 1]	4083	4247	2566.177	0
31	[ 4]	4302	4427	2566.177	0
31	[ 4]	4461	4709	2566.177	0
31	[ 4]	4757	4893	2566.177	0
31	[ 1]	4957	5062	2566.177	0
31	[ 1]	5089	5176	2566.177	0
31	[ 3]	5235	5399	2566.177	0
31	[ 3]	5421	5548	2566.177	0
31	[ 2]	5605	5780	2566.177	0
31	[ 3]	5839	6041	2566.177	0
31	[ 3]	6066	6134	2566.177	0
31	[ 1]	6211	6435	2566.177	0
31	[ 4]	6497	6730	2566.177	0
31	[ 4]	6750	6889	2566.177	0
31	[ 2]	6977	7148	2566.177	0
31	[ 2]	7175	7364	2566.177	0
31	[ 2]	7387	7530	2566.177	0
31	[ 2]	7556	8014	2566.177	0
31	[ 2]	8227	8279	2566.177	0
32	[ ]	7	190	0	0
32	[ ]	388	1198	0	0
32	[ ]	1221	1399	0	0
32	[ ]	1628	1877	0	0
32	[ 3]	1906	2040	0	0
32	[ 3]	2069	2265	0	0
32	[ 3]	2291	2500	0	0
32	[ 1]	2657	2798	0	0
32	[ 1]	2821	2983	0	0
32	[ 3]	3050	3278	0	0
32	[ 3]	3303	3553	0	0
32	[ ]	3612	3738	0	0
32	[ 4]	3775	3925	0	0
32	[ 3]	3977	4232	0	0
32	[ 3]	4254	4489	0	0
32	[ 3]	4513	4663	0	0
32	[ 4]	4731	4970	0	0
32	[ 4]	5014	5172	0	0
32	[ 4]	5204	5939	0	0
33	[ ]	7	1152	0	0
33	[ ]	1429	1463	0	0
33	[ ]	1732	1913	0	0
33	[ ]	1965	2120	0	0
33	[ 2]	2155	2452	0	0
33	[ 3]	2498	2856	0	0
33	[ 1]	2897	3048	0	0
33	[ 1]	3080	3438	0	0
33	[ 1]	3672	3718	0	0
33	[ 3]	3786	4067	0	0
33	[ 3]	4103	4382	0	0
33	[ 2]	4451	4697	0	0
33	[ 2]	4710	4972	0	0
33	[ 2]	5196	5509	0	0
33	[ 2]	5534	5704	0	0
33	[ 2]	5731	6373	0	0
33	[ 2]	6395	6437	0	0
34	[ ]	14	346	2604.484	0
34	[ ]	369	522	2604.484	0
34	[ 1]	567	771	2604.484	0
34	[ ]	799	1858	2604.484	0
34	[ 4]	1913	2085	2604.484	0
34	[ 4]	2107	2148	2604.484	0
34	[ 4]	2196	2351	2604.484	0
34	[ 4]	2366	2622	2604.484	0
34	[ 1]	2851	2934	2604.484	0
34	[ 1]	2961	3147	2604.484	0
34	[ 1]	3160	3298	2604.484	0
34	[ 1]	3326	3505	2604.484	0
34	[ 1]	3524	3776	2604.484	0
34	[ 1]	3821	4012	2604.484	0
34	[ 1]	4019	4225	2604.484	0
34	[ 1]	4255	4474	2604.484	0
34	[ 1]	4494	4730	2604.484	0
34	[ 1]	4744	5209	2604.484	0
34	[ 1]	5216	5548	2604.484	0
34	[ 1]	5557	5765	2604.484	0
34	[ 1]	5813	5979	2604.484	0
34	[ 1]	5990	6926	2604.484	0
35	[ ]	7	869	2727.394	0
35	[ ]	878	1570	2727.394	0
35	[ ]	1580	1893	2727.394	0
35	[ 4]	1955	2120	2727.394	0
35	[ 4]	2133	2291	2727.394	0
35	[ 4]	2323	2562	2727.394	0
35	[ 4]	2573	2710	2727.394	0
35	[ 3]	2763	2897	2727.394	0
35	[ 3]	2919	3278	2727.394	0
35	[ 3]	3305	3471	2727.394	0
35	[ 3]	3486	3602	2727.394	0
35	[ 3]	3627	3757	2727.394	0
35	[ 3]	3807	3977	2727.394	0
35	[ 2]	4041	4285	2727.394	0
35	[ 2]	4316	4460	2727.394	0
35	[ 2]	4484	4637	2727.394	0
35	[ 3]	4700	4897	2727.394	0
35	[ 3]	4922	5083	2727.394	0
35	[ 4]	5154	5292	2727.394	0
35	[ 4]	5331	5389	2727.394	0
35	[ 1]	5457	5640	2727.394	0
35	[ 1]	5663	6317	2727.394	0
35	[ 1]	6341	6501	2727.394	0
35	[ 1]	6524	6773	2727.394	0
35	[ 1]	6793	7224	2727.394	0
36	[ ]	7	456	0	0
36	[ ]	478	769	0	0
36	[ ]	791	1117	0	0
36	[ ]	1126	1898	0	0
36	[ 2]	1937	2060	0	0
36	[ 2]	2103	2293	0	0
36	[ 4]	2585	2850	0	0
36	[ 4]	2913	3031	0	0
36	[ 1]	3092	3216	0	0
36	[ 1]	3243	3365	0	0
36	[ 2]	3421	3809	0	0
36	[ 4]	3848	4053	0	0
36	[ 4]	4078	4317	0	0
36	[ 4]	4347	4775	0	0
36	[ 4]	4800	5145	0	0
36	[ 1]	5217	5407	0	0
36	[ 1]	5433	5754	0	0
36	[ 1]	5796	6603	0	0
37	[ ]	7	191	0	0
37	[ ]	205	504	0	0
37	[ ]	519	824	0	0
37	[ ]	832	1113	0	0
37	[ ]	1133	1500	0	0
37	[ ]	1507	1868	0	0
37	[ 4]	1902	2083	0	0
37	[ 4]	2110	2259	0	0
37	[ 4]	2286	2506	0	0
37	[ 4]	2519	2756	0	0
37	[ 4]	2765	3355	0	0
37	[ ]	3401	3521	0	0
37	[ 3]	3573	3790	0	0
37	[ 3]	3827	4400	0	0
37	[ 3]	4424	4505	0	0
37	[ 4]	4575	4727	0	0
37	[ 4]	4753	4868	0	0
37	[ 2]	4929	5020	0	0
37	[ 2]	5059	5164	0	0
37	[ 1]	5230	5445	0	0
37	[ 1]	5468	6025	0	0
37	[ 1]	6038	6663	0	0
37	[ 1]	6689	6883	0	0
37	[ 1]	6919	7081	0	0
38	[ ]	7	422	2728.933	0
38	[ ]	437	871	2728.933	0
38	[ ]	879	1916	2728.933	0
38	[ 4]	1947	2079	2728.933	0
38	[ 4]	2116	2284	2728.933	0
38	[ 4]	2303	2483	2728.933	0
38	[ 4]	2509	2680	2728.933	0
38	[ 4]	2695	2949	2728.933	0
38	[ 4]	2978	3161	2728.933	0
38	[ 4]	3177	3322	2728.933	0
38	[ 3]	3383	3566	2728.933	0
38	[ 3]	3590	3746	2728.933	0
38	[ 3]	3780	3991	2728.933	0
38	[ 3]	4006	4479	2728.933	0
38	[ 4]	4540	4683	2728.933	0
38	[ 4]	4706	4954	2728.933	0
38	[ 3]	5013	5310	2728.933	0
38	[ 2]	5384	5557	2728.933	0
38	[ 2]	5593	5814	2728.933	0
38	[ 2]	5832	5948	2728.933	0
38	[ 1]	6020	6137	2728.933	0
38	[ 1]	6172	6499	2728.933	0
38	[ 1]	6529	6822	2728.933	0
38	[ 1]	6869	7299	2728.933	0
39	[ ]	7	409	3276.21	0
39	[ ]	433	715	3276.21	0
39	[ ]	739	858	3276.21	0
39	[ ]	884	1109	3276.21	0
39	[ ]	1119	1424	3276.21	0
39	[ ]	1432	1716	3276.21	0
39	[ ]	1737	1885	3276.21	0
39	[ 4]	1936	2118	3276.21	0
39	[ 4]	2132	2283	3276.21	0
39	[ 2]	2343	2484	3276.21	0
39	[ 2]	2507	2631	3276.21	0
39	[ 2]	2660	2858	3276.21	0
39	[ 2]	2880	3020	3276.21	0
39	[ 1]	3061	3293	3276.21	0
39	[ 1]	3319	3519	3276.21	0
39	[ 1]	3548	3779	3276.21	0
39	[ 3]	3828	4128	3276.21	0
39	[ 3]	4155	4410	3276.21	0
39	[ 1]	4479	4703	3276.21	0
39	[ 1]	4732	4989	3276.21	0
39	[ 1]	5009	5206	3276.21	0
39	[ 2]	5273	5441	3276.21	0
39	[ 2]	5463	5573	3276.21	0
39	[ 1]	5617	5915	3276.21	0
39	[ 1]	5945	6152	3276.21	0
39	[ 1]	6183	6391	3276.21	0
39	[ 1]	6442	6681	3276.21	0
39	[ 1]	7263	7529	3276.21	0
39	[ 1]	7542	7853	3276.21	0
40	[ ]	7	386	2623.803	0
40	[ ]	411	788	2623.803	0
40	[ ]	810	1438	2623.803	0
40	[ ]	1445	1922	2623.803	0
40	[ 2]	1970	2149	2623.803	0
40	[ 2]	2171	2362	2623.803	0
40	[ 2]	2390	2794	2623.803	0
40	[ 4]	2844	3106	2623.803	0
40	[ 2]	3192	3384	2623.803	0
40	[ 2]	3412	3527	2623.803	0
40	[ 4]	3590	3826	2623.803	0
40	[ 4]	3847	4106	2623.803	0
40	[ 4]	4126	4265	2623.803	0
40	[ 4]	4296	4442	2623.803	0
40	[ 4]	4473	4643	2623.803	0
40	[ 4]	4669	4739	2623.803	0
40	[ 1]	4804	5018	2623.803	0
40	[ 1]	5047	5213	2623.803	0
40	[ 1]	5653	5811	2623.803	0
40	[ 1]	5828	6118	2623.803	0
40	[ 1]	6128	6368	2623.803	0
40	[ 1]	6377	7019	2623.803	0
41	[ 4]	7	648	0	0
41	[ 4]	684	896	0	0
41	[ ]	909	1861	0	0
41	[ ]	1885	2020	0	0
41	[ 1]	2062	2200	0	0
41	[ 1]	2465	2639	0	0
41	[ 1]	2662	2903	0	0
41	[ ]	2951	3084	0	0
41	[ 1]	3119	3360	0	0
41	[ 1]	3386	3704	0	0
41	[ 1]	3748	4009	0	0
41	[ 1]	4023	4674	0	0
41	[ 1]	4704	4893	0	0
41	[ 2]	4950	5185	0	0
41	[ 1]	5439	5640	0	0
41	[ 1]	5670	6018	0	0
41	[ 1]	6039	6514	0	0
42	[ ]	7	713	0	0
42	[ 2]	762	859	0	0
42	[ ]	905	1095	0	0
42	[ ]	1109	1814	0	0
42	[ 2]	1855	2016	0	0
42	[ 2]	2038	2187	0	0
42	[ 4]	2238	2494	0	0
42	[ 4]	2512	3118	0	0
42	[ 2]	3172	3370	0	0
42	[ 4]	3427	3738	0	0
42	[ 4]	3774	4066	0	0
42	[ 1]	4126	4389	0	0
42	[ 1]	4402	4766	0	0
42	[ 1]	4785	5228	0	0
42	[ 1]	5251	5970	0	0
43	[ 2]	7	113	3108.201	0
43	[ 2]	127	824	3108.201	0
43	[ 2]	840	1094	3108.201	0
43	[ 2]	1115	1325	3108.201	0
43	[ 2]	1348	1898	3108.201	0
43	[ ]	1929	2006	3108.201	0
43	[ 3]	2052	2418	3108.201	0
43	[ 4]	2603	2779	3108.201	0
43	[ 4]	2804	2966	3108.201	0
43	[ 4]	2996	3142	3108.201	0
43	[ 4]	3163	3387	3108.201	0
43	[ 4]	3396	3837	3108.201	0
43	[ 1]	3899	4023	3108.201	0
43	[ 1]	4047	4854	3108.201	0
43	[ 1]	4868	4988	3108.201	0
43	[ 4]	5059	5225	3108.201	0
43	[ 4]	5246	5267	3108.201	0
43	[ 4]	5316	5533	3108.201	0
43	[ 4]	5554	5643	3108.201	0
43	[ 3]	5711	5943	3108.201	0
43	[ 3]	5959	6351	3108.201	0
43	[ 3]	6381	6547	3108.201	0
43	[ 3]	6582	6673	3108.201	0
43	[ 4]	6726	6903	3108.201	0
43	[ 4]	6926	7073	3108.201	0
43	[ 3]	7138	7387	3108.201	0
43	[ 3]	7409	7615	3108.201	0
44	[ 2]	7	549	0	0
44	[ ]	565	813	0	0
44	[ ]	825	1862	0	0
44	[ 4]	1891	2038	0	0
44	[ 4]	2066	2206	0	0
44	[ 3]	2504	2628	0	0
44	[ 3]	2635	3154	0	0
44	[ 1]	3206	3384	0	0
44	[ 3]	3449	3627	0	0
44	[ 3]	3668	3864	0	0
44	[ 4]	3918	4224	0	0
44	[ 4]	4244	4345	0	0
44	[ 3]	4389	4753	0	0
44	[ 3]	4789	4853	0	0
44	[ 4]	4916	5186	0	0
44	[ 4]	5228	5537	0	0
44	[ 4]	5558	6015	0	0
45	[ 3]	7	804	2840.398	0
45	[ 3]	814	1034	2840.398	0
45	[ ]	1041	1884	2840.398	0
45	[ 1]	1944	2055	2840.398	0
45	[ 1]	2082	2234	2840.398	0
45	[ 2]	2465	2550	2840.398	0
45	[ 2]	2582	2764	2840.398	0
45	[ 2]	2784	2943	2840.398	0
45	[ 4]	2984	3315	2840.398	0
45	[ 2]	3376	3643	2840.398	0
45	[ 4]	3700	3996	2840.398	0
45	[ 4]	4016	4447	2840.398	0
45	[ 4]	4477	4632	2840.398	0
45	[ 4]	4649	4818	2840.398	0
45	[ 4]	4842	5038	2840.398	0
45	[ 4]	5053	5682	2840.398	0
45	[ 4]	5703	5885	2840.398	0
45	[ 4]	5903	6137	2840.398	0
45	[ 4]	6159	6398	2840.398	0
45	[ 4]	6420	6675	2840.398	0
45	[ 4]	6699	6938	2840.398	0
45	[ 4]	6957	7142	2840.398	0
46	[ ]	7	1200	4437.052	0
46	[ 3]	1217	1665	4437.052	0
46	[ ]	1677	1870	4437.052	0
46	[ 1]	1917	2059	4437.052	0
46	[ 1]	2082	2237	4437.052	0
46	[ 1]	2263	2409	4437.052	0
46	[ 1]	2434	2651	4437.052	0
46	[ 1]	2661	2973	4437.052	0
46	[ 1]	3003	3140	4437.052	0
46	[ 1]	3159	3387	4437.052	0
46	[ 4]	3437	3636	4437.052	0
46	[ 4]	3648	4100	4437.052	0
46	[ 4]	4136	4346	4437.052	0
46	[ 4]	4363	4579	4437.052	0
46	[ 4]	4610	4792	4437.052	0
46	[ 4]	4804	4952	4437.052	0
46	[ 1]	5014	5249	4437.052	0
46	[ 1]	5272	5522	4437.052	0
46	[ 1]	5532	5881	4437.052	0
46	[ 2]	5951	6134	4437.052	0
46	[ 2]	6160	6472	4437.052	0
46	[ 2]	6482	6806	4437.052	0
46	[ 2]	6836	6982	4437.052	0
46	[ 2]	7023	7392	4437.052	0
46	[ 1]	7440	7591	4437.052	0
46	[ 1]	7624	7818	4437.052	0
46	[ 1]	7847	8023	4437.052	0
46	[ 1]	8053	8538	4437.052	0
47	[ ]	90	295	0	0
47	[ ]	673	843	0	0
47	[ ]	867	1050	0	0
47	[ ]	1061	1339	0	0
47	[ ]	1611	1869	0	0
47	[ 3]	1904	2039	0	0
47	[ 3]	2065	2256	0	0
47	[ 3]	2279	2512	0	0
47	[ 2]	2739	3059	0	0
47	[ 2]	3086	3391	0	0
47	[ 3]	3460	3616	0	0
47	[ 3]	3660	3885	0	0
47	[ 3]	3903	4119	0	0
47	[ 3]	4144	4366	0	0
47	[ 3]	4388	4656	0	0
47	[ 1]	4716	5352	0	0
47	[ 1]	5367	6198	0	0
48	[ ]	7	128	0	0
48	[ ]	147	348	0	0
48	[ ]	387	593	0	0
48	[ 1]	608	821	0	0
48	[ ]	855	1105	0	0
48	[ ]	1339	1576	0	0
48	[ ]	1592	1871	0	0
48	[ 1]	1906	2048	0	0
48	[ 1]	2076	2275	0	0
48	[ 1]	2300	2525	0	0
48	[ 1]	2539	2829	0	0
48	[ 1]	2855	3138	0	0
48	[ 3]	3196	3504	0	0
48	[ 3]	3518	3896	0	0
48	[ 1]	3955	4134	0	0
48	[ 4]	4202	4327	0	0
48	[ 4]	4355	4533	0	0
48	[ 4]	4559	4869	0	0
48	[ 1]	4932	5086	0	0
48	[ 1]	5115	5447	0	0
48	[ 1]	5470	5997	0	0
48	[ 1]	6019	6260	0	0
48	[ 1]	6281	6437	0	0
49	[ ]	7	701	3135.133	0
49	[ ]	718	875	3135.133	0
49	[ ]	898	1148	3135.133	0
49	[ ]	1465	1584	3135.133	0
49	[ 2]	2125	2430	3135.133	0
49	[ 1]	2479	2635	3135.133	0
49	[ 4]	2863	2929	3135.133	0
49	[ 2]	2991	3127	3135.133	0
49	[ 2]	3154	3450	3135.133	0
49	[ 2]	3481	3631	3135.133	0
49	[ 2]	3656	4018	3135.133	0
49	[ 2]	4040	4247	3135.133	0
49	[ 2]	4279	4415	3135.133	0
49	[ 2]	4436	4532	3135.133	0
49	[ 4]	4590	4707	3135.133	0
49	[ 4]	4730	4887	3135.133	0
49	[ 4]	4939	5133	3135.133	0
49	[ 4]	5157	5316	3135.133	0
49	[ 1]	5382	5645	3135.133	0
49	[ 1]	5674	5914	3135.133	0
49	[ 1]	5933	6286	3135.133	0
49	[ 1]	6310	6667	3135.133	0
49	[ 1]	6689	6888	3135.133	0
49	[ 1]	6914	7363	3135.133	0
49	[ 1]	7382	8479	3135.133	0
50	[ ]	63	262	0	0
50	[ ]	554	749	0	0
50	[ ]	780	824	0	0
50	[ ]	863	961	0	0
50	[ ]	983	1996	0	0
50	[ 1]	2039	2179	0	0
50	[ 4]	2521	2694	0	0
50	[ 4]	2714	3148	0	0
50	[ 2]	3200	3476	0	0
50	[ 2]	3496	3782	0	0
50	[ 2]	3799	4316	0	0
50	[ 2]	4341	4610	0	0
50	[ 2]	4634	4814	0	0
50	[ 2]	5063	5289	0	0
50	[ 2]	5299	5906	0	0
50	[ 2]	5925	6368	0	0
51	[ ]	7	895	0	0
51	[ ]	902	1415	0	0
51	[ ]	1434	1693	0	0
51	[ ]	1718	2264	0	0
51	[ ]	2354	2489	0	0
51	[ ]	2520	2621	0	0
51	[ 3]	2726	2919	0	0
51	[ 3]	2947	3233	0	0
51	[ 2]	3782	4051	0	0
51	[ 2]	4076	4361	0	0
51	[ 2]	4382	4997	0	0
51	[ 2]	5365	5690	0	0
51	[ 2]	5718	6140	0	0
51	[ 2]	6163	7500	0	0
52	[ ]	7	472	2840.542	0
52	[ ]	764	887	2840.542	0
52	[ ]	918	1137	2840.542	0
52	[ ]	1146	1395	2840.542	0
52	[ ]	1403	1898	2840.542	0
52	[ 4]	1936	2072	2840.542	0
52	[ 4]	2105	2272	2840.542	0
52	[ 4]	2311	2489	2840.542	0
52	[ 4]	2502	2876	2840.542	0
52	[ 4]	2885	3004	2840.542	0
52	[ 4]	3033	3254	2840.542	0
52	[ 4]	3264	3464	2840.542	0
52	[ 2]	3510	3648	2840.542	0
52	[ 2]	3674	3785	2840.542	0
52	[ 4]	3852	4042	2840.542	0
52	[ 2]	4103	4354	2840.542	0
52	[ 2]	4407	4651	2840.542	0
52	[ 2]	4689	4912	2840.542	0
52	[ 2]	4945	5119	2840.542	0
52	[ 2]	5141	5317	2840.542	0
52	[ 3]	5384	5740	2840.542	0
52	[ 3]	5783	5953	2840.542	0
52	[ 2]	5998	6256	2840.542	0
52	[ 2]	6280	6488	2840.542	0
52	[ 2]	6511	6960	2840.542	0
52	[ 2]	6969	7500	2840.542	0
52	[ 2]	7521	7688	2840.542	0
53	[ ]	7	826	0	0
53	[ ]	849	1891	0	0
53	[ ]	1904	2087	0	0
53	[ 4]	2131	2247	0	0
53	[ 4]	2271	2437	0	0
53	[ 4]	2466	2698	0	0
53	[ 4]	2720	2974	0	0
53	[ 4]	2989	3167	0	0
53	[ 4]	3198	3407	0	0
53	[ 1]	3472	3684	0	0
53	[ 1]	3708	3974	0	0
53	[ 1]	4001	4191	0	0
53	[ 1]	4216	5001	0	0
53	[ 3]	5075	5306	0	0
53	[ 3]	5347	5627	0	0
53	[ 3]	5657	6007	0	0
53	[ 3]	6035	6539	0	0
54	[ ]	7	873	4788.153	0
54	[ ]	886	1889	4788.153	0
54	[ 4]	1926	2037	4788.153	0
54	[ 4]	2062	2204	4788.153	0
54	[ 4]	2228	2452	4788.153	0
54	[ 4]	2473	2698	4788.153	0
54	[ 4]	2719	2933	4788.153	0
54	[ 1]	3125	3279	4788.153	0
54	[ 1]	3297	3472	4788.153	0
54	[ 1]	3485	3722	4788.153	0
54	[ 1]	3749	3964	4788.153	0
54	[ 1]	3980	4069	4788.153	0
54	[ 3]	4125	4393	4788.153	0
54	[ 3]	4409	4725	4788.153	0
54	[ 3]	4747	4993	4788.153	0
54	[ 1]	5061	5313	4788.153	0
54	[ 1]	5337	5533	4788.153	0
54	[ 3]	5595	5844	4788.153	0
54	[ 1]	5909	6111	4788.153	0
54	[ 1]	6135	6250	4788.153	0
54	[ 1]	6277	6447	4788.153	0
54	[ 1]	6473	6720	4788.153	0
54	[ 1]	6732	7038	4788.153	0
54	[ 4]	7109	7247	4788.153	0
54	[ 4]	7271	7435	4788.153	0
54	[ 4]	7462	7519	4788.153	0
54	[ 1]	7568	8034	4788.153	0
55	[ ]	7	879	2566.177	0
55	[ ]	888	1396	2566.177	0
55	[ ]	1407	1869	2566.177	0
55	[ 3]	1909	2081	2566.177	0
55	[ 3]	2108	2331	2566.177	0
55	[ 3]	2355	2462	2566.177	0
55	[ 2]	2667	2910	2566.177	0
55	[ 4]	3164	3302	2566.177	0
55	[ 1]	3368	3546	2566.177	0
55	[ 1]	3571	3710	2566.177	0
55	[ 4]	3771	3929	2566.177	0
55	[ 4]	3956	4193	2566.177	0
55	[ 4]	4218	4465	2566.177	0
55	[ 1]	4531	4693	2566.177	0
55	[ 1]	4719	4878	2566.177	0
55	[ 1]	4901	5065	2566.177	0
55	[ 4]	5121	5295	2566.177	0
55	[ 4]	5319	5762	2566.177	0
55	[ 2]	5813	5982	2566.177	0
55	[ 2]	6010	6150	2566.177	0
55	[ 2]	6175	6341	2566.177	0
55	[ 2]	6377	6548	2566.177	0
55	[ 2]	6570	6858	2566.177	0
55	[ 2]	6891	7172	2566.177	0
56	[ ]	7	215	3081.022	0
56	[ ]	234	808	3081.022	0
56	[ ]	828	1235	3081.022	0
56	[ ]	1244	1902	3081.022	0
56	[ 2]	1935	2541	3081.022	0
56	[ 2]	2572	2753	3081.022	0
56	[ 4]	2788	3011	3081.022	0
56	[ 4]	3019	3182	3081.022	0
56	[ 1]	3374	3502	3081.022	0
56	[ 1]	3524	3650	3081.022	0
56	[ 1]	3679	3884	3081.022	0
56	[ 3]	3947	4201	3081.022	0
56	[ 3]	4228	4370	3081.022	0
56	[ 4]	4447	4592	3081.022	0
56	[ 4]	4617	4862	3081.022	0
56	[ 4]	4888	5013	3081.022	0
56	[ 4]	5050	5105	3081.022	0
56	[ 2]	5169	5370	3081.022	0
56	[ 3]	5433	5590	3081.022	0
56	[ 3]	5617	5836	3081.022	0
56	[ 3]	5875	6080	3081.022	0
56	[ 2]	6147	6355	3081.022	0
56	[ 2]	6378	6667	3081.022	0
56	[ 2]	6694	6993	3081.022	0
56	[ 2]	7020	7293	3081.022	0
56	[ 2]	7315	7651	3081.022	0
57	[ ]	7	91	0	0
57	[ ]	102	839	0	0
57	[ ]	861	1568	0	0
57	[ ]	1587	1876	0	0
57	[ ]	1897	1989	0	0
57	[ 1]	2215	2455	0	0
57	[ 1]	2481	2844	0	0
57	[ 1]	2868	3229	0	0
57	[ 1]	3412	3515	0	0
57	[ 1]	3703	3891	0	0
57	[ 1]	4089	4207	0	0
57	[ 1]	4234	4480	0	0
57	[ 3]	4547	4667	0	0
57	[ 3]	4698	4922	0	0
57	[ 3]	4940	5034	0	0
57	[ 1]	5097	5408	0	0
57	[ 1]	5430	5893	0	0
57	[ 1]	5933	6260	0	0
57	[ 1]	6286	6573	0	0
58	[ ]	7	353	4516.917	0
58	[ 3]	615	797	4516.917	0
58	[ ]	840	1882	4516.917	0
58	[ 3]	1925	2096	4516.917	0
58	[ 3]	2124	2297	4516.917	0
58	[ 3]	2310	2564	4516.917	0
58	[ 1]	2607	2861	4516.917	0
58	[ 1]	2899	3047	4516.917	0
58	[ 1]	3076	3252	4516.917	0
58	[ 2]	3330	3457	4516.917	0
58	[ 2]	3483	3745	4516.917	0
58	[ 4]	3806	3983	4516.917	0
58	[ 4]	3995	4031	4516.917	0
58	[ 2]	4097	4280	4516.917	0
58	[ 2]	4304	4450	4516.917	0
58	[ 2]	4485	4786	4516.917	0
58	[ 2]	4795	5083	4516.917	0
58	[ 3]	5141	5344	4516.917	0
58	[ 3]	5368	5538	4516.917	0
58	[ 3]	5563	5695	4516.917	0
58	[ 2]	5760	5919	4516.917	0
58	[ 2]	5944	6479	4516.917	0
58	[ 2]	6505	6823	4516.917	0
58	[ 2]	6844	7133	4516.917	0
58	[ 2]	7140	7840	4516.917	0
59	[ ]	7	687	2556.083	0
59	[ ]	955	1246	2556.083	0
59	[ ]	1264	1421	2556.083	0
59	[ ]	1435	1677	2556.083	0
59	[ 4]	1998	2226	2556.083	0
59	[ 4]	2241	2487	2556.083	0
59	[ 4]	2517	2677	2556.083	0
59	[ 2]	2737	3029	2556.083	0
59	[ 2]	3054	3274	2556.083	0
59	[ 1]	3330	3506	2556.083	0
59	[ 1]	3532	3793	2556.083	0
59	[ 1]	3828	3996	2556.083	0
59	[ 1]	4018	4162	2556.083	0
59	[ 1]	4191	4446	2556.083	0
59	[ 1]	4476	4623	2556.083	0
59	[ 1]	4646	4971	2556.083	0
59	[ 2]	5044	5166	2556.083	0
59	[ 2]	5193	5494	2556.083	0
59	[ 2]	5522	5696	2556.083	0
59	[ 1]	5749	5979	2556.083	0
59	[ 1]	6003	6112	2556.083	0
59	[ 3]	6181	6212	2556.083	0
59	[ 4]	6281	6462	2556.083	0
59	[ 4]	6492	6717	2556.083	0
59	[ 3]	6771	7055	2556.083	0
59	[ 3]	7078	7192	2556.083	0
59	[ 4]	7259	7549	2556.083	0
59	[ 4]	7569	7983	2556.083	0
60	[ ]	7	158	0	0
60	[ ]	166	460	0	0
60	[ ]	472	793	0	0
60	[ ]	811	1911	0	0
60	[ 1]	1963	2111	0	0
60	[ 1]	2146	2279	0	0
60	[ 2]	2537	2704	0	0
60	[ 4]	2757	3002	0	0
60	[ 2]	3064	3319	0	0
60	[ 4]	3365	3537	0	0
60	[ 4]	3564	3869	0	0
60	[ 4]	3896	4127	0	0
60	[ 4]	4152	4545	0	0
60	[ 3]	4620	4814	0	0
60	[ 3]	4845	5152	0	0
60	[ 4]	5206	5465	0	0
60	[ 4]	5493	5780	0	0
60	[ 4]	5807	6130	0	0
60	[ 4]	6166	6556	0	0
61	[ ]	7	304	0	0
61	[ ]	313	1929	0	0
61	[ ]	1959	2047	0	0
61	[ 4]	2289	2472	0	0
61	[ 4]	2497	2722	0	0
61	[ ]	2759	2993	0	0
61	[ 3]	3020	3202	0	0
61	[ 4]	3250	3409	0	0
61	[ 3]	3466	3699	0	0
61	[ 3]	3733	3873	0	0
61	[ 1]	3947	4181	0	0
61	[ 1]	4202	4491	0	0
61	[ 1]	4508	4718	0	0
61	[ 1]	4739	4905	0	0
61	[ 3]	4958	5271	0	0
61	[ 3]	5301	5702	0	0
61	[ 3]	5729	5984	0	0
61	[ 3]	6013	6651	0	0
62	[ ]	7	816	2974.021	0
62	[ ]	824	1896	2974.021	0
62	[ 4]	1938	2165	2974.021	0
62	[ 4]	2186	2359	2974.021	0
62	[ 4]	2376	2536	2974.021	0
62	[ 3]	2574	2750	2974.021	0
62	[ 3]	2765	2906	2974.021	0
62	[ 4]	2962	3360	2974.021	0
62	[ 4]	3384	3602	2974.021	0
62	[ 4]	3610	3763	2974.021	0
62	[ 3]	3818	4161	2974.021	0
62	[ 4]	4224	4396	2974.021	0
62	[ 4]	4413	4798	2974.021	0
62	[ 4]	5091	5190	2974.021	0
62	[ 4]	5211	5443	2974.021	0
62	[ 4]	5471	5611	2974.021	0
62	[ 3]	5661	6018	2974.021	0
62	[ 3]	6041	6263	2974.021	0
62	[ 3]	6275	6408	2974.021	0
62	[ 3]	6444	6614	2974.021	0
62	[ 2]	6686	6868	2974.021	0
62	[ 3]	6920	7208	2974.021	0
62	[ 1]	7300	7570	2974.021	0
63	[ ]	7	72	0	0
63	[ ]	88	800	0	0
63	[ ]	816	985	0	0
63	[ ]	993	1707	0	0
63	[ ]	1948	2014	0	0
63	[ 3]	2058	2429	0	0
63	[ 3]	2449	2808	0	0
63	[ 3]	3040	3287	0	0
63	[ 3]	3306	3709	0	0
63	[ 3]	3718	4289	0	0
63	[ 3]	4310	4679	0	0
63	[ 2]	4738	5008	0	0
63	[ 2]	5054	5377	0	0
63	[ 2]	5397	5779	0	0
63	[ 2]	5796	6372	0	0
64	[ ]	7	248	0	0
64	[ ]	272	473	0	0
64	[ ]	513	782	0	0
64	[ ]	810	1863	0	0
64	[ 1]	1907	2079	0	0
64	[ 1]	2103	2325	0	0
64	[ 2]	2563	2763	0	0
64	[ 2]	3017	3168	0	0
64	[ 2]	3194	3490	0	0
64	[ 1]	3541	3749	0	0
64	[ 1]	3774	4027	0	0
64	[ 1]	4054	4254	0	0
64	[ 1]	4275	4940	0	0
64	[ 1]	5197	5545	0	0
64	[ 3]	5623	5977	0	0
64	[ 1]	6045	6553	0	0
