trial_count	CURRENT_FIX_INTEREST_AREAS	CURRENT_FIX_START	CURRENT_FIX_END	verb_onset	Sentence_duration_ms
0	[ ]	7	1262	0	0
0	[ ]	1282	1865	0	6411.791
0	[ ]	1877	3068	0	0
0	[ ]	3087	3413	0	0
0	[ 1]	3456	3873	0	0
0	[ 2]	3909	4245	0	6467.347
0	[ 1]	4305	4632	0	0
0	[ 1]	4654	4994	0	5891.156
0	[ 1]	5012	5748	0	0
0	[ 1]	5773	6040	0	6239.592
0	[ 3]	6087	6842	0	0
0	[ 1]	6898	7027	0	6193.878
0	[ ]	7	1000	3220.871	0
0	[ ]	1019	2189	3220.871	6844.422
0	[ ]	2200	2360	3220.871	6115.646
0	[ ]	2369	2866	3220.871	0
0	[ 3]	2907	3141	3220.871	5649.297
0	[ 3]	3163	3295	3220.871	0
0	[ ]	3334	3470	3220.871	6057.823
0	[ ]	3483	3516	3220.871	0
0	[ ]	3668	3753	3220.871	6414.512
0	[ 4]	3778	4027	3220.871	6197.279
0	[ 4]	4050	4180	3220.871	0
0	[ 4]	4201	4382	3220.871	6428.753
0	[ 1]	4435	4666	3220.871	6034.014
0	[ 3]	4719	4975	3220.871	5729.025
0	[ 3]	4988	5127	3220.871	0
0	[ 3]	5164	5355	3220.871	0
0	[ 2]	5404	5533	3220.871	0
0	[ 2]	5556	5690	3220.871	6382.472
0	[ 4]	5732	5911	3220.871	5725.578
0	[ 4]	5946	6172	3220.871	0
0	[ 1]	6238	6367	3220.871	0
0	[ 2]	6427	6556	3220.871	5891.156
0	[ 2]	6580	6783	3220.871	6057.823
0	[ 2]	6808	7136	3220.871	0
0	[ 3]	7186	7349	3220.871	0
0	[ 2]	7408	7629	3220.871	6034.014
0	[ 2]	7649	7886	3220.871	6844.422
0	[ 2]	7910	8175	3220.871	5649.297
0	[ 3]	8244	8378	3220.871	0
0	[ ]	7	952	2881.856	0
0	[ ]	973	1896	2881.856	6411.791
0	[ ]	1907	2482	2881.856	0
0	[ ]	2583	2609	2881.856	6115.646
0	[ ]	2741	3215	2881.856	6193.878
0	[ 1]	3283	3407	2881.856	0
0	[ 1]	3420	3838	2881.856	0
0	[ 1]	3875	4031	2881.856	6467.347
0	[ 1]	4044	4355	2881.856	0
0	[ 2]	4406	4514	2881.856	0
0	[ 2]	4542	4826	2881.856	6197.279
0	[ 4]	4883	5009	2881.856	0
0	[ 4]	5036	5223	2881.856	6428.753
0	[ 3]	5268	5392	2881.856	5725.578
0	[ 3]	5414	5576	2881.856	6382.472
0	[ 4]	5637	5810	2881.856	0
0	[ 4]	5831	6151	2881.856	6414.512
0	[ 4]	6172	6267	2881.856	5729.025
0	[ 1]	6331	6546	2881.856	0
0	[ 1]	6563	6705	2881.856	0
0	[ 1]	6739	6941	2881.856	6239.592
0	[ 1]	6964	7478	2881.856	0
0	[ 2]	7536	7704	2881.856	0
0	[ ]	7	1116	0	0
0	[ ]	1136	1391	0	0
0	[ ]	1402	1640	0	0
0	[ ]	1767	1927	0	0
0	[ ]	2059	2604	0	0
0	[ ]	2957	3114	0	0
0	[ ]	3311	3478	0	0
0	[ 3]	3510	3663	0	0
0	[ 3]	3685	3843	0	0
0	[ ]	4013	4205	0	0
0	[ ]	4228	4430	0	0
0	[ 3]	4569	4866	0	0
0	[ ]	4896	5105	0	0
0	[ ]	5128	5522	0	0
0	[ 2]	5557	6005	0	0
0	[ 2]	6037	6458	0	0
0	[ ]	6513	6814	0	0
1	[ ]	7	1038	0	0
1	[ ]	1173	1345	0	0
1	[ ]	1358	1918	0	0
1	[ ]	1928	2531	0	0
1	[ ]	2549	2773	0	0
1	[ ]	2891	2952	0	0
1	[ ]	3110	3150	0	0
1	[ ]	3326	3464	0	0
1	[ ]	3478	4048	0	0
1	[ 2]	4217	4415	0	0
1	[ ]	4435	4944	0	0
1	[ 1]	4991	5194	0	0
1	[ 1]	5220	5650	0	0
1	[ ]	5712	6060	0	0
1	[ 1]	6099	6292	0	0
1	[ 1]	6328	6557	0	0
1	[ 1]	6580	7092	0	0
1	[ ]	7137	7315	0	0
2	[ ]	7	383	3108.201	0
2	[ ]	406	1099	3108.201	0
2	[ ]	1118	1535	3108.201	0
2	[ ]	1550	1708	3108.201	0
2	[ ]	1725	1927	3108.201	0
2	[ ]	1934	2127	3108.201	0
2	[ 3]	2163	2523	3108.201	0
2	[ 2]	2565	2827	3108.201	0
2	[ 2]	2839	3813	3108.201	0
2	[ 2]	3821	4522	3108.201	0
2	[ 3]	4567	4693	3108.201	0
2	[ 3]	4705	4946	3108.201	0
2	[ ]	4972	4997	3108.201	0
2	[ 4]	5037	5155	3108.201	0
2	[ 4]	5175	5280	3108.201	0
2	[ 4]	5311	5521	3108.201	0
2	[ 3]	5575	5761	3108.201	0
2	[ 3]	5780	5953	3108.201	0
2	[ 3]	5976	6094	3108.201	0
2	[ 4]	6154	6358	3108.201	0
2	[ 3]	6422	6539	3108.201	0
2	[ 3]	6567	6779	3108.201	0
2	[ 3]	6798	6995	3108.201	0
2	[ 2]	7053	7638	3108.201	0
3	[ ]	7	203	0	0
3	[ ]	213	461	0	0
3	[ ]	598	802	0	0
3	[ ]	815	1047	0	0
3	[ ]	1206	1883	0	0
3	[ ]	1896	2249	0	0
3	[ ]	2270	2397	0	0
3	[ ]	2415	2618	0	0
3	[ ]	2633	3022	0	0
3	[ ]	3047	3269	0	0
3	[ 3]	3305	3629	0	0
3	[ ]	3677	3836	0	0
3	[ 1]	3870	4369	0	0
3	[ 1]	4388	5024	0	0
3	[ 1]	5054	5352	0	0
3	[ 1]	5374	5732	0	0
3	[ 3]	5789	6194	0	0
4	[ ]	7	1180	0	0
4	[ ]	1199	1443	0	0
4	[ ]	1461	1867	0	0
4	[ ]	1879	3433	0	0
4	[ ]	3452	3666	0	0
4	[ ]	3675	3845	0	0
4	[ 2]	3885	4250	0	0
4	[ 3]	4365	4707	0	0
4	[ 2]	4764	5303	0	0
4	[ 2]	5323	5626	0	0
4	[ 2]	5648	6373	0	0
4	[ 2]	6418	6538	0	0
5	[ ]	7	966	0	0
5	[ ]	986	1622	0	0
5	[ ]	1630	1885	0	0
5	[ ]	1921	2083	0	0
5	[ ]	2107	2193	0	0
5	[ ]	2208	2485	0	0
5	[ ]	2494	2807	0	0
5	[ ]	2931	2998	0	0
5	[ ]	3141	3865	0	0
5	[ 2]	3916	4307	0	0
5	[ 2]	4328	4642	0	0
5	[ 3]	4685	4948	0	0
5	[ 2]	4989	5666	0	0
5	[ 2]	5679	6307	0	0
5	[ 2]	6330	6862	0	0
5	[ 1]	6934	7002	0	0
6	[ ]	7	1118	3135.133	0
6	[ ]	1236	1436	3135.133	0
6	[ ]	1592	1647	3135.133	0
6	[ ]	1804	2145	3135.133	0
6	[ ]	2156	2268	3135.133	0
6	[ ]	2280	2497	3135.133	0
6	[ 1]	3065	3140	3135.133	0
6	[ 1]	3155	3525	3135.133	0
6	[ ]	3559	3701	3135.133	0
6	[ ]	3716	4130	3135.133	0
6	[ 4]	4188	4336	3135.133	0
6	[ 4]	4348	4689	3135.133	0
6	[ 4]	4718	4865	3135.133	0
6	[ 4]	4889	4937	3135.133	0
6	[ 1]	4997	5095	3135.133	0
6	[ 1]	5118	5291	3135.133	0
6	[ 1]	5317	5457	3135.133	0
6	[ 1]	5480	5562	3135.133	0
6	[ 1]	5594	5900	3135.133	0
6	[ 1]	5914	6339	3135.133	0
6	[ 4]	6403	6539	3135.133	0
6	[ 2]	6583	6725	3135.133	0
6	[ 2]	6750	6867	3135.133	0
6	[ 1]	6928	7040	3135.133	0
6	[ 1]	7065	7582	3135.133	0
7	[ ]	7	906	0	0
7	[ ]	928	989	0	0
7	[ ]	1142	1334	0	0
7	[ ]	1343	1925	0	0
7	[ ]	1938	2109	0	0
7	[ 2]	2159	2367	0	0
7	[ 2]	2394	2603	0	0
7	[ 1]	2663	3127	0	0
7	[ 1]	3157	3366	0	0
7	[ 2]	3434	3581	0	0
7	[ 4]	3625	4245	0	0
7	[ 3]	4294	4696	0	0
7	[ 4]	4758	5359	0	0
7	[ 4]	5410	5624	0	0
7	[ 4]	5670	6302	0	0
7	[ ]	6345	6505	0	0
8	[ ]	7	347	2604.484	0
8	[ ]	369	778	2604.484	0
8	[ ]	795	1053	2604.484	0
8	[ ]	1167	1438	2604.484	0
8	[ ]	1445	1914	2604.484	0
8	[ 4]	1952	2231	2604.484	0
8	[ 4]	2239	2449	2604.484	0
8	[ 1]	2511	2662	2604.484	0
8	[ 2]	2709	2906	2604.484	0
8	[ 2]	2919	3197	2604.484	0
8	[ 1]	3248	3395	2604.484	0
8	[ 1]	3407	3834	2604.484	0
8	[ 4]	3898	3992	2604.484	0
8	[ 4]	4023	4178	2604.484	0
8	[ 4]	4215	4436	2604.484	0
8	[ 3]	4488	4616	2604.484	0
8	[ 3]	4633	4733	2604.484	0
8	[ 1]	4798	4918	2604.484	0
8	[ 1]	4942	5466	2604.484	0
8	[ 2]	5529	5656	2604.484	0
8	[ 2]	5675	5746	2604.484	0
8	[ 3]	5794	5941	2604.484	0
8	[ 4]	6001	6174	2604.484	0
8	[ 4]	6198	6370	2604.484	0
8	[ 4]	6412	6562	2604.484	0
8	[ 3]	6622	6828	2604.484	0
8	[ 1]	6916	7041	2604.484	0
9	[ ]	7	620	0	0
9	[ ]	630	1211	0	0
9	[ 1]	1229	1493	0	0
9	[ 1]	1505	1852	0	0
9	[ ]	1867	1969	0	0
9	[ 2]	2012	2209	0	0
9	[ 2]	2237	2452	0	0
9	[ ]	2487	2594	0	0
9	[ 2]	2991	3184	0	0
9	[ ]	3542	3638	0	0
9	[ 1]	3668	3920	0	0
9	[ 4]	4077	4294	0	0
9	[ 1]	4340	4517	0	0
9	[ 1]	4541	5489	0	0
9	[ 1]	5527	5880	0	0
9	[ ]	5928	6136	0	0
10	[ ]	7	453	2974.021	0
10	[ ]	552	867	2974.021	0
10	[ 2]	876	1100	2974.021	0
10	[ 2]	1109	1301	2974.021	0
10	[ 2]	1420	1940	2974.021	0
10	[ ]	1952	2128	2974.021	0
10	[ 2]	2153	2284	2974.021	0
10	[ 2]	2297	2602	2974.021	0
10	[ 1]	2642	2805	2974.021	0
10	[ ]	2826	3751	2974.021	0
10	[ 2]	3791	4101	2974.021	0
10	[ 2]	4133	4415	2974.021	0
10	[ ]	4463	4856	2974.021	0
10	[ 4]	4896	5160	2974.021	0
10	[ 3]	5202	5371	2974.021	0
10	[ 2]	5420	5537	2974.021	0
10	[ 2]	5555	5714	2974.021	0
10	[ 3]	5772	6199	2974.021	0
10	[ 3]	6232	6592	2974.021	0
10	[ 1]	6690	7062	2974.021	0
10	[ 3]	7132	7743	2974.021	0
10	[ 3]	7787	7949	2974.021	0
11	[ ]	7	910	0	0
11	[ ]	917	1873	0	0
11	[ 2]	1916	2129	0	0
11	[ 2]	2430	2507	0	0
11	[ ]	2913	3021	0	0
11	[ ]	3171	3323	0	0
11	[ ]	3338	3389	0	0
11	[ 1]	3551	3889	0	0
11	[ ]	3918	4153	0	0
11	[ 4]	4207	4805	0	0
11	[ 1]	4860	5712	0	0
11	[ 3]	5760	6585	0	0
11	[ 2]	6661	6745	0	0
12	[ 3]	7	132	4437.052	0
12	[ ]	147	814	4437.052	0
12	[ ]	823	1878	4437.052	0
12	[ 2]	1919	2098	4437.052	0
12	[ ]	2137	2287	4437.052	0
12	[ ]	2299	2454	4437.052	0
12	[ ]	2552	2678	4437.052	0
12	[ ]	2700	2846	4437.052	0
12	[ ]	2962	3248	4437.052	0
12	[ ]	3265	3599	4437.052	0
12	[ ]	3611	3835	4437.052	0
12	[ 3]	3873	4121	4437.052	0
12	[ 3]	4155	4372	4437.052	0
12	[ 4]	4429	4578	4437.052	0
12	[ 4]	4605	4732	4437.052	0
12	[ 1]	4780	5013	4437.052	0
12	[ 1]	5044	5313	4437.052	0
12	[ 1]	5336	5438	4437.052	0
12	[ 4]	5484	5634	4437.052	0
12	[ 4]	5651	5788	4437.052	0
12	[ 2]	5854	6166	4437.052	0
12	[ 1]	6231	6601	4437.052	0
12	[ 1]	6623	6837	4437.052	0
12	[ 1]	6862	7080	4437.052	0
12	[ 1]	7120	7373	4437.052	0
12	[ 4]	7424	7629	4437.052	0
12	[ 4]	7668	7765	4437.052	0
13	[ ]	7	283	0	0
13	[ ]	296	767	0	0
13	[ ]	776	1041	0	0
13	[ ]	1127	1885	0	0
13	[ ]	1897	2376	0	0
13	[ ]	2558	3004	0	0
13	[ ]	3022	3201	0	0
13	[ ]	3233	3502	0	0
13	[ ]	3522	3911	0	0
13	[ ]	3930	4177	0	0
13	[ ]	4319	4437	0	0
13	[ 2]	4473	4749	0	0
13	[ 2]	4772	4914	0	0
13	[ 4]	4951	5194	0	0
13	[ ]	5214	5483	0	0
13	[ 2]	5524	5950	0	0
13	[ 2]	5974	6333	0	0
13	[ 3]	6399	6652	0	0
14	[ 4]	7	127	3276.21	0
14	[ ]	142	426	3276.21	0
14	[ ]	442	858	3276.21	0
14	[ ]	879	1625	3276.21	0
14	[ ]	1633	2003	3276.21	0
14	[ ]	2015	2220	3276.21	0
14	[ 1]	2259	2451	3276.21	0
14	[ ]	2494	2657	3276.21	0
14	[ 2]	2690	3023	3276.21	0
14	[ 4]	3071	3349	3276.21	0
14	[ 4]	3386	3565	3276.21	0
14	[ 4]	3578	3751	3276.21	0
14	[ 3]	3821	4069	3276.21	0
14	[ 1]	4119	4496	3276.21	0
14	[ 2]	4545	4707	3276.21	0
14	[ 3]	4763	4923	3276.21	0
14	[ 3]	4949	5311	3276.21	0
14	[ 1]	5370	5531	3276.21	0
14	[ 1]	5562	5682	3276.21	0
14	[ 2]	5736	5912	3276.21	0
14	[ 2]	5954	6084	3276.21	0
14	[ 1]	6151	6415	3276.21	0
14	[ 1]	6449	6935	3276.21	0
14	[ 1]	6965	7083	3276.21	0
14	[ 3]	7123	7524	3276.21	0
14	[ 4]	7569	7827	3276.21	0
15	[ ]	7	668	2840.398	0
15	[ ]	681	831	2840.398	0
15	[ ]	844	1226	2840.398	0
15	[ ]	1249	1483	2840.398	0
15	[ ]	1504	1954	2840.398	0
15	[ 2]	1990	2090	2840.398	0
15	[ ]	2117	2460	2840.398	0
15	[ 1]	2597	2669	2840.398	0
15	[ 1]	2846	2972	2840.398	0
15	[ 3]	3006	3245	2840.398	0
15	[ 3]	3279	3661	2840.398	0
15	[ 2]	3746	3853	2840.398	0
15	[ 2]	3876	4049	2840.398	0
15	[ 4]	4092	4268	2840.398	0
15	[ 4]	4282	4554	2840.398	0
15	[ 4]	4587	4737	2840.398	0
15	[ 3]	4786	5024	2840.398	0
15	[ 3]	5043	5192	2840.398	0
15	[ 4]	5254	5390	2840.398	0
15	[ 4]	5415	5628	2840.398	0
15	[ 4]	5656	5821	2840.398	0
15	[ 4]	5851	6041	2840.398	0
15	[ 1]	6098	6217	2840.398	0
15	[ 1]	6245	6458	2840.398	0
15	[ 1]	6492	6720	2840.398	0
15	[ 2]	6784	6881	2840.398	0
15	[ 4]	6918	7359	2840.398	0
15	[ ]	7414	7498	2840.398	0
16	[ ]	7	707	0	0
16	[ ]	722	945	0	0
16	[ ]	962	1920	0	0
16	[ ]	1941	2212	0	0
16	[ 1]	2263	2859	0	0
16	[ ]	2901	3097	0	0
16	[ ]	3117	3372	0	0
16	[ ]	3390	3700	0	0
16	[ 1]	3757	4217	0	0
16	[ 1]	4249	4532	0	0
16	[ 4]	4585	4814	0	0
16	[ 1]	4876	5341	0	0
16	[ 1]	5363	5817	0	0
16	[ 1]	5842	6086	0	0
16	[ 1]	6109	6557	0	0
16	[ 1]	6708	6796	0	0
17	[ ]	7	177	2623.803	0
17	[ ]	196	473	2623.803	0
17	[ ]	493	807	2623.803	0
17	[ ]	817	1217	2623.803	0
17	[ ]	1224	1402	2623.803	0
17	[ ]	1410	1697	2623.803	0
17	[ ]	1717	1976	2623.803	0
17	[ 1]	2002	2220	2623.803	0
17	[ 1]	2251	2499	2623.803	0
17	[ 3]	2673	2909	2623.803	0
17	[ ]	2950	3247	2623.803	0
17	[ 1]	3287	3405	2623.803	0
17	[ 1]	3433	3608	2623.803	0
17	[ 1]	3631	3933	2623.803	0
17	[ 1]	3958	4162	2623.803	0
17	[ 1]	4197	4648	2623.803	0
17	[ 4]	4721	4954	2623.803	0
17	[ 1]	5004	5171	2623.803	0
17	[ 1]	5199	5364	2623.803	0
17	[ 1]	5391	5550	2623.803	0
17	[ 1]	5564	5661	2623.803	0
17	[ 3]	5719	6000	2623.803	0
17	[ 2]	6064	6354	2623.803	0
17	[ 2]	6401	6526	2623.803	0
17	[ 2]	6565	6664	2623.803	0
17	[ 1]	6722	7119	2623.803	0
18	[ 4]	7	1373	0	0
18	[ ]	1393	1879	0	0
18	[ ]	1892	2173	0	0
18	[ ]	2331	2444	0	0
18	[ ]	2463	3027	0	0
18	[ ]	3035	3306	0	0
18	[ ]	3323	3492	0	0
18	[ 3]	3532	3809	0	0
18	[ 3]	3837	4090	0	0
18	[ 2]	4138	4544	0	0
18	[ 2]	4577	5321	0	0
18	[ 4]	5376	5576	0	0
18	[ 2]	5628	5994	0	0
18	[ 2]	6017	6663	0	0
18	[ 3]	6745	6949	0	0
19	[ ]	7	926	2727.394	0
19	[ ]	948	1236	2727.394	0
19	[ ]	1256	1474	2727.394	0
19	[ 1]	1493	1898	2727.394	0
19	[ ]	1919	2054	2727.394	0
19	[ ]	2068	2228	2727.394	0
19	[ 1]	2266	2392	2727.394	0
19	[ 1]	2404	2841	2727.394	0
19	[ 4]	2889	3191	2727.394	0
19	[ 1]	3249	3443	2727.394	0
19	[ 1]	3466	3790	2727.394	0
19	[ 1]	3809	4021	2727.394	0
19	[ 2]	4082	4365	2727.394	0
19	[ 2]	4389	4578	2727.394	0
19	[ 2]	4602	4678	2727.394	0
19	[ 1]	4726	4935	2727.394	0
19	[ 4]	5005	5230	2727.394	0
19	[ 1]	5291	5396	2727.394	0
19	[ 1]	5417	5627	2727.394	0
19	[ 2]	5698	5840	2727.394	0
19	[ 2]	5858	6038	2727.394	0
19	[ 2]	6062	6391	2727.394	0
19	[ 3]	6450	6540	2727.394	0
19	[ 1]	6613	6859	2727.394	0
19	[ 1]	6885	7182	2727.394	0
19	[ 4]	7242	7397	2727.394	0
19	[ 4]	7418	7721	2727.394	0
19	[ 3]	7793	7981	2727.394	0
20	[ ]	7	244	0	0
20	[ ]	268	876	0	0
20	[ ]	895	1883	0	0
20	[ ]	1893	2049	0	0
20	[ 1]	2420	2607	0	0
20	[ ]	2630	2985	0	0
20	[ ]	3002	3267	0	0
20	[ 1]	3442	3734	0	0
20	[ 3]	3782	3914	0	0
20	[ 3]	3944	4364	0	0
20	[ 1]	4433	4735	0	0
20	[ 3]	4799	4947	0	0
20	[ 1]	5009	5668	0	0
20	[ 1]	5683	6322	0	0
21	[ ]	7	159	4516.917	0
21	[ ]	284	635	4516.917	0
21	[ ]	787	982	4516.917	0
21	[ ]	992	1681	4516.917	0
21	[ ]	1689	1998	4516.917	0
21	[ ]	2011	2290	4516.917	0
21	[ 2]	2328	2530	4516.917	0
21	[ 2]	2540	2951	4516.917	0
21	[ 2]	2978	3164	4516.917	0
21	[ 4]	3211	3398	4516.917	0
21	[ 4]	3434	3587	4516.917	0
21	[ 4]	3603	3791	4516.917	0
21	[ 2]	3840	4028	4516.917	0
21	[ 3]	4087	4727	4516.917	0
21	[ 3]	4751	4945	4516.917	0
21	[ 2]	4990	5266	4516.917	0
21	[ 2]	5289	5416	4516.917	0
21	[ 2]	5453	5928	4516.917	0
21	[ 2]	5956	6274	4516.917	0
21	[ 2]	6301	6486	4516.917	0
21	[ 2]	6524	6675	4516.917	0
21	[ 2]	6699	6904	4516.917	0
21	[ 2]	6938	7267	4516.917	0
21	[ 4]	7346	7469	4516.917	0
21	[ 4]	7493	7654	4516.917	0
21	[ 1]	7732	7945	4516.917	0
22	[ ]	7	902	2840.542	0
22	[ 3]	964	1194	2840.542	0
22	[ ]	1211	1929	2840.542	0
22	[ ]	1945	2088	2840.542	0
22	[ 1]	2118	2382	2840.542	0
22	[ 1]	2416	2671	2840.542	0
22	[ 4]	2732	2959	2840.542	0
22	[ ]	2997	3085	2840.542	0
22	[ ]	3108	3209	2840.542	0
22	[ ]	3310	3588	2840.542	0
22	[ 3]	3621	3754	2840.542	0
22	[ 3]	3766	4187	2840.542	0
22	[ 3]	4207	4448	2840.542	0
22	[ 3]	4458	4607	2840.542	0
22	[ 3]	4641	4822	2840.542	0
22	[ 2]	4892	5132	2840.542	0
22	[ 2]	5163	5406	2840.542	0
22	[ 2]	5435	5543	2840.542	0
22	[ 2]	5565	5728	2840.542	0
22	[ 2]	5760	6189	2840.542	0
22	[ 4]	6249	6676	2840.542	0
22	[ 1]	6722	6897	2840.542	0
22	[ 1]	6927	7331	2840.542	0
22	[ 2]	7406	7494	2840.542	0
23	[ ]	7	142	0	0
23	[ 2]	354	1131	0	0
23	[ ]	1153	1338	0	0
23	[ ]	1356	1882	0	0
23	[ 4]	1942	2452	0	0
23	[ 4]	2475	2610	0	0
23	[ ]	2646	3076	0	0
23	[ ]	3215	3742	0	0
23	[ 4]	3787	3977	0	0
23	[ 1]	4030	4441	0	0
23	[ 1]	4460	4672	0	0
23	[ 3]	4728	4929	0	0
23	[ 3]	4952	5292	0	0
23	[ 3]	5321	6271	0	0
23	[ 4]	6351	6853	0	0
23	[ 4]	6897	7035	0	0
24	[ ]	7	123	4788.153	0
24	[ ]	139	455	4788.153	0
24	[ ]	472	851	4788.153	0
24	[ ]	864	1881	4788.153	0
24	[ 1]	1951	2219	4788.153	0
24	[ 1]	2230	2424	4788.153	0
24	[ 1]	2451	2603	4788.153	0
24	[ 1]	2621	2946	4788.153	0
24	[ 1]	2973	3165	4788.153	0
24	[ 1]	3173	3311	4788.153	0
24	[ 3]	3360	3579	4788.153	0
24	[ 3]	3604	4381	4788.153	0
24	[ 3]	4397	4548	4788.153	0
24	[ 3]	4569	5038	4788.153	0
24	[ 3]	5063	5200	4788.153	0
24	[ 1]	5249	5512	4788.153	0
24	[ 1]	5534	5769	4788.153	0
24	[ 1]	5797	6110	4788.153	0
24	[ 1]	6156	6290	4788.153	0
24	[ 1]	6314	6433	4788.153	0
24	[ 4]	6483	6616	4788.153	0
24	[ 4]	6638	6976	4788.153	0
24	[ 4]	6999	7228	4788.153	0
24	[ 1]	7293	7499	4788.153	0
24	[ 1]	7637	7763	4788.153	0
25	[ ]	7	374	2728.933	0
25	[ ]	393	1523	2728.933	0
25	[ ]	1544	1902	2728.933	0
25	[ ]	1910	2084	2728.933	0
25	[ 2]	2121	2354	2728.933	0
25	[ 4]	2454	2664	2728.933	0
25	[ 4]	2808	3007	2728.933	0
25	[ 4]	3027	3190	2728.933	0
25	[ 3]	3248	3547	2728.933	0
25	[ 3]	3574	3799	2728.933	0
25	[ 3]	3807	3993	2728.933	0
25	[ 3]	4004	4066	2728.933	0
25	[ 4]	4116	4350	2728.933	0
25	[ 4]	4376	4646	2728.933	0
25	[ 4]	4668	4797	2728.933	0
25	[ 1]	4858	5000	2728.933	0
25	[ 1]	5015	5275	2728.933	0
25	[ 1]	5304	5835	2728.933	0
25	[ 1]	5848	6130	2728.933	0
25	[ 1]	6151	6336	2728.933	0
25	[ 2]	6395	6622	2728.933	0
25	[ 1]	6683	6897	2728.933	0
25	[ 1]	6919	7040	2728.933	0
25	[ 4]	7147	7347	2728.933	0
26	[ ]	7	102	2556.083	0
26	[ ]	114	768	2556.083	0
26	[ ]	778	1058	2556.083	0
26	[ ]	1077	1929	2556.083	0
26	[ ]	1941	2150	2556.083	0
26	[ 4]	2192	2349	2556.083	0
26	[ 4]	2371	2720	2556.083	0
26	[ 3]	2804	2890	2556.083	0
26	[ 3]	3001	3196	2556.083	0
26	[ 3]	3210	3395	2556.083	0
26	[ ]	3444	3582	2556.083	0
26	[ 4]	3619	3723	2556.083	0
26	[ 4]	3743	3933	2556.083	0
26	[ 2]	3992	4246	2556.083	0
26	[ 1]	4311	4589	2556.083	0
26	[ 1]	4610	4842	2556.083	0
26	[ 3]	4900	5424	2556.083	0
26	[ 4]	5501	5631	2556.083	0
26	[ 4]	5661	5858	2556.083	0
26	[ 2]	5914	6143	2556.083	0
26	[ 4]	6220	6654	2556.083	0
26	[ 4]	6676	6872	2556.083	0
26	[ 3]	6945	7151	2556.083	0
27	[ ]	7	373	0	0
27	[ ]	385	805	0	0
27	[ ]	814	1207	0	0
27	[ ]	1230	1453	0	0
27	[ ]	1471	1553	0	0
27	[ ]	1665	1997	0	0
27	[ ]	2012	2153	0	0
27	[ 4]	2202	2730	0	0
27	[ 4]	2888	3264	0	0
27	[ ]	3296	3750	0	0
27	[ 1]	3792	3962	0	0
27	[ 1]	3995	4177	0	0
27	[ 2]	4227	4519	0	0
27	[ 1]	4580	4859	0	0
27	[ 1]	4881	5250	0	0
27	[ 1]	5275	6290	0	0
27	[ 1]	6310	7133	0	0
28	[ ]	7	329	0	0
28	[ ]	346	845	0	0
28	[ ]	861	1221	0	0
28	[ ]	1241	1465	0	0
28	[ ]	1475	1644	0	0
28	[ ]	1651	2006	0	0
28	[ 1]	2029	2208	0	0
28	[ ]	2224	2406	0	0
28	[ ]	2418	2682	0	0
28	[ ]	2841	3068	0	0
28	[ ]	3215	3440	0	0
28	[ 1]	3463	3721	0	0
28	[ 1]	3760	4116	0	0
28	[ 1]	4134	4436	0	0
28	[ 1]	4455	4589	0	0
28	[ 3]	4661	4827	0	0
28	[ 3]	4849	5408	0	0
28	[ 3]	5430	5902	0	0
28	[ 3]	5921	6336	0	0
28	[ ]	6380	6489	0	0
29	[ ]	7	505	0	0
29	[ ]	531	737	0	0
29	[ ]	824	1011	0	0
29	[ ]	1019	1456	0	0
29	[ ]	1476	1682	0	0
29	[ ]	1700	1878	0	0
29	[ ]	1891	2597	0	0
29	[ ]	2727	2937	0	0
29	[ ]	3099	3298	0	0
29	[ ]	3321	3487	0	0
29	[ ]	3500	3983	0	0
29	[ 3]	4006	4184	0	0
29	[ ]	4206	4439	0	0
29	[ 4]	4483	4727	0	0
29	[ 3]	4768	5149	0	0
29	[ 3]	5297	5357	0	0
29	[ 3]	5530	5731	0	0
29	[ 1]	5795	6342	0	0
29	[ 1]	6428	6542	0	0
29	[ 1]	6583	6838	0	0
29	[ 1]	6854	6875	0	0
29	[ 1]	7041	7423	0	0
29	[ ]	7517	7751	0	0
30	[ ]	7	1922	3081.022	0
30	[ ]	1932	2312	3081.022	0
30	[ ]	2473	2747	3081.022	0
30	[ ]	2763	3166	3081.022	0
30	[ ]	3186	3386	3081.022	0
30	[ 4]	3427	3858	3081.022	0
30	[ 4]	3894	4078	3081.022	0
30	[ 4]	4103	4388	3081.022	0
30	[ 4]	4417	4540	3081.022	0
30	[ 2]	4598	4827	3081.022	0
30	[ 2]	4844	4991	3081.022	0
30	[ 3]	5077	5333	3081.022	0
30	[ 3]	5358	5406	3081.022	0
30	[ 2]	5452	5695	3081.022	0
30	[ 2]	5714	6048	3081.022	0
30	[ 2]	6072	6455	3081.022	0
30	[ 1]	6516	6769	3081.022	0
30	[ 1]	6794	7573	3081.022	0
31	[ ]	7	168	2566.177	0
31	[ ]	191	691	2566.177	0
31	[ ]	703	831	2566.177	0
31	[ ]	852	1596	2566.177	0
31	[ ]	1689	1866	2566.177	0
31	[ 4]	1893	2042	2566.177	0
31	[ 4]	2388	2547	2566.177	0
31	[ 4]	2698	3133	2566.177	0
31	[ 4]	3281	3336	2566.177	0
31	[ 4]	3519	3650	2566.177	0
31	[ 4]	3676	3843	2566.177	0
31	[ 4]	3890	4150	2566.177	0
31	[ 1]	4212	4281	2566.177	0
31	[ 1]	4437	4592	2566.177	0
31	[ 1]	4609	4919	2566.177	0
31	[ 1]	4959	5095	2566.177	0
31	[ 3]	5161	5390	2566.177	0
31	[ 2]	5447	5556	2566.177	0
31	[ 4]	5624	5757	2566.177	0
31	[ 4]	5779	6080	2566.177	0
31	[ 2]	6142	6614	2566.177	0
31	[ 2]	6643	7141	2566.177	0
32	[ ]	7	119	0	0
32	[ ]	133	689	0	0
32	[ ]	705	914	0	0
32	[ ]	923	1412	0	0
32	[ ]	1540	1932	0	0
32	[ 4]	1941	2125	0	0
32	[ ]	2134	2238	0	0
32	[ ]	2599	2844	0	0
32	[ ]	2865	3039	0	0
32	[ ]	3058	3511	0	0
32	[ 4]	3538	3917	0	0
32	[ ]	3939	4819	0	0
32	[ 4]	4854	4963	0	0
32	[ 4]	5150	5617	0	0
32	[ 4]	5640	5929	0	0
32	[ 1]	6000	6139	0	0
32	[ 1]	6165	6247	0	0
33	[ ]	7	179	0	0
33	[ ]	191	539	0	0
33	[ ]	607	828	0	0
33	[ ]	841	930	0	0
33	[ ]	1073	1547	0	0
33	[ ]	1561	1677	0	0
33	[ ]	1686	1931	0	0
33	[ ]	1942	2450	0	0
33	[ ]	2809	3116	0	0
33	[ ]	3138	3362	0	0
33	[ ]	3492	3562	0	0
33	[ 3]	3704	3998	0	0
33	[ 2]	4029	4304	0	0
33	[ ]	4337	4453	0	0
33	[ 3]	4594	4917	0	0
33	[ 2]	4961	5303	0	0
33	[ 2]	5327	5868	0	0
33	[ 3]	5927	6079	0	0
33	[ 2]	6112	6619	0	0
34	[ ]	7	1099	2604.484	0
34	[ ]	1107	1339	2604.484	0
34	[ ]	1360	1937	2604.484	0
34	[ ]	1949	2196	2604.484	0
34	[ 4]	2231	2426	2604.484	0
34	[ 4]	2440	2627	2604.484	0
34	[ 4]	2660	2931	2604.484	0
34	[ 4]	2957	3080	2604.484	0
34	[ 4]	3103	3243	2604.484	0
34	[ 1]	3296	3515	2604.484	0
34	[ 1]	3540	3667	2604.484	0
34	[ 1]	3692	3854	2604.484	0
34	[ 2]	3909	4104	2604.484	0
34	[ 3]	4160	4316	2604.484	0
34	[ 3]	4340	4527	2604.484	0
34	[ 3]	4553	4779	2604.484	0
34	[ 3]	4807	4881	2604.484	0
34	[ 1]	4948	5122	2604.484	0
34	[ 1]	5144	5575	2604.484	0
34	[ 2]	5620	5754	2604.484	0
34	[ 2]	5773	5972	2604.484	0
34	[ 1]	6018	6303	2604.484	0
34	[ 1]	6323	6512	2604.484	0
34	[ 4]	6582	6693	2604.484	0
34	[ 4]	6720	6882	2604.484	0
34	[ 4]	6925	7083	2604.484	0
34	[ ]	7218	7365	2604.484	0
35	[ ]	7	890	2727.394	0
35	[ ]	897	1118	2727.394	0
35	[ 1]	1139	1902	2727.394	0
35	[ ]	1913	2302	2727.394	0
35	[ 1]	2420	2481	2727.394	0
35	[ 1]	2626	2736	2727.394	0
35	[ ]	2772	2991	2727.394	0
35	[ 4]	3031	3195	2727.394	0
35	[ 4]	3212	3631	2727.394	0
35	[ 1]	3677	3816	2727.394	0
35	[ 1]	3843	3945	2727.394	0
35	[ 1]	3973	4249	2727.394	0
35	[ 1]	4272	4436	2727.394	0
35	[ 2]	4498	4703	2727.394	0
35	[ 1]	4752	4883	2727.394	0
35	[ 1]	4906	5045	2727.394	0
35	[ 2]	5108	5294	2727.394	0
35	[ 2]	5315	6020	2727.394	0
35	[ 2]	6042	6372	2727.394	0
35	[ 1]	6444	6474	2727.394	0
35	[ 1]	6500	6730	2727.394	0
35	[ 1]	6770	7267	2727.394	0
35	[ ]	7412	7509	2727.394	0
36	[ ]	7	122	0	0
36	[ ]	135	795	0	0
36	[ ]	807	1141	0	0
36	[ ]	1163	1465	0	0
36	[ ]	1482	1866	0	0
36	[ ]	1881	2280	0	0
36	[ ]	2302	2514	0	0
36	[ 2]	2559	2893	0	0
36	[ 2]	2915	3163	0	0
36	[ 4]	3229	3499	0	0
36	[ ]	3544	3937	0	0
36	[ ]	3986	4177	0	0
36	[ 1]	4211	4656	0	0
36	[ 1]	4677	4880	0	0
36	[ 4]	4949	5054	0	0
36	[ 1]	5125	5321	0	0
36	[ 1]	5356	5833	0	0
36	[ ]	5895	6351	0	0
36	[ 1]	6401	6700	0	0
36	[ 2]	6767	6986	0	0
37	[ ]	7	1930	0	0
37	[ ]	1943	2685	0	0
37	[ ]	2694	3258	0	0
37	[ ]	3279	3410	0	0
37	[ 2]	3523	3794	0	0
37	[ 2]	3945	4186	0	0
37	[ 2]	4216	4423	0	0
37	[ ]	4462	4749	0	0
37	[ 1]	4789	5401	0	0
37	[ 1]	5437	5735	0	0
37	[ 1]	5764	6992	0	0
37	[ ]	7044	7350	0	0
37	[ 1]	7391	7498	0	0
38	[ ]	7	194	2728.933	0
38	[ ]	205	799	2728.933	0
38	[ ]	812	1915	2728.933	0
38	[ ]	1927	2122	2728.933	0
38	[ 4]	2183	2314	2728.933	0
38	[ 4]	2336	2514	2728.933	0
38	[ 2]	2566	2744	2728.933	0
38	[ 2]	2758	3029	2728.933	0
38	[ ]	3060	3241	2728.933	0
38	[ ]	3254	3403	2728.933	0
38	[ 3]	3454	3716	2728.933	0
38	[ 3]	3747	3893	2728.933	0
38	[ 3]	3907	4057	2728.933	0
38	[ 3]	4086	4290	2728.933	0
38	[ 1]	4414	4501	2728.933	0
38	[ 1]	4522	4782	2728.933	0
38	[ 3]	4854	5043	2728.933	0
38	[ 1]	5107	5310	2728.933	0
38	[ 2]	5370	5613	2728.933	0
38	[ 4]	5684	5821	2728.933	0
38	[ 4]	5840	5996	2728.933	0
38	[ 4]	6027	6142	2728.933	0
38	[ 1]	6222	6311	2728.933	0
38	[ 1]	6343	6663	2728.933	0
38	[ 1]	6706	7007	2728.933	0
38	[ 4]	7095	7200	2728.933	0
39	[ ]	7	355	3276.21	0
39	[ ]	363	889	3276.21	0
39	[ ]	896	1713	3276.21	0
39	[ ]	1722	1985	3276.21	0
39	[ ]	1993	2283	3276.21	0
39	[ ]	2292	3117	3276.21	0
39	[ ]	3129	3342	3276.21	0
39	[ ]	3360	5789	3276.21	0
39	[ ]	5808	6028	3276.21	0
39	[ 1]	6074	6594	3276.21	0
39	[ 1]	6618	6947	3276.21	0
39	[ 1]	6974	7412	3276.21	0
39	[ 1]	7432	7736	3276.21	0
39	[ 1]	7756	7948	3276.21	0
40	[ ]	7	112	2623.803	0
40	[ ]	272	722	2623.803	0
40	[ ]	843	947	2623.803	0
40	[ ]	960	2029	2623.803	0
40	[ 2]	2080	2460	2623.803	0
40	[ 4]	2502	2800	2623.803	0
40	[ 2]	2849	2973	2623.803	0
40	[ 2]	2999	3250	2623.803	0
40	[ 3]	3300	3452	2623.803	0
40	[ 3]	3472	3576	2623.803	0
40	[ 1]	3646	3790	2623.803	0
40	[ 1]	3812	4024	2623.803	0
40	[ 4]	4081	4357	2623.803	0
40	[ 4]	4384	4562	2623.803	0
40	[ 1]	4618	5057	2623.803	0
40	[ 1]	5213	5393	2623.803	0
40	[ 1]	5416	5686	2623.803	0
40	[ 3]	5735	5923	2623.803	0
40	[ 1]	6093	6545	2623.803	0
40	[ ]	6591	6676	2623.803	0
41	[ ]	7	191	0	0
41	[ ]	209	671	0	0
41	[ 3]	697	846	0	0
41	[ ]	871	1176	0	0
41	[ ]	1196	1928	0	0
41	[ 1]	1973	2076	0	0
41	[ 1]	2385	2654	0	0
41	[ 1]	2786	2853	0	0
41	[ 1]	3017	3318	0	0
41	[ ]	3350	3616	0	0
41	[ 1]	3653	3886	0	0
41	[ 2]	3923	4207	0	0
41	[ 1]	4263	4698	0	0
41	[ 2]	4744	4885	0	0
41	[ 1]	4937	5318	0	0
41	[ 1]	5468	6103	0	0
41	[ 3]	6152	6491	0	0
41	[ 3]	6520	6650	0	0
42	[ ]	7	113	0	0
42	[ ]	134	527	0	0
42	[ ]	618	1114	0	0
42	[ ]	1132	1641	0	0
42	[ ]	1663	2122	0	0
42	[ 2]	2169	2474	0	0
42	[ 2]	2488	3312	0	0
42	[ 2]	3333	3567	0	0
42	[ 4]	3624	3904	0	0
42	[ 1]	3954	4655	0	0
42	[ 1]	4678	5207	0	0
42	[ 1]	5228	6163	0	0
42	[ ]	6229	6327	0	0
43	[ ]	7	142	3108.201	0
43	[ ]	153	447	3108.201	0
43	[ ]	456	1891	3108.201	0
43	[ ]	1901	2394	3108.201	0
43	[ 4]	2449	2574	3108.201	0
43	[ ]	2729	3082	3108.201	0
43	[ 4]	3137	3403	3108.201	0
43	[ 4]	3432	3608	3108.201	0
43	[ 4]	3621	4473	3108.201	0
43	[ 1]	4520	4730	3108.201	0
43	[ 1]	4752	5064	3108.201	0
43	[ 1]	5094	5243	3108.201	0
43	[ 4]	5301	5433	3108.201	0
43	[ 4]	5456	5633	3108.201	0
43	[ 3]	5693	5795	3108.201	0
43	[ 3]	5820	6219	3108.201	0
43	[ 3]	6246	6478	3108.201	0
43	[ 3]	6503	6743	3108.201	0
43	[ 2]	6803	6933	3108.201	0
43	[ 2]	6956	7152	3108.201	0
43	[ 3]	7211	7390	3108.201	0
43	[ ]	7564	7620	3108.201	0
44	[ ]	7	419	0	0
44	[ ]	427	1868	0	0
44	[ ]	1885	2024	0	0
44	[ ]	2037	2418	0	0
44	[ ]	2539	2742	0	0
44	[ ]	2901	4023	0	0
44	[ ]	4043	4470	0	0
44	[ 4]	4512	4936	0	0
44	[ 4]	4962	5116	0	0
44	[ ]	5139	5469	0	0
44	[ 4]	5508	5683	0	0
44	[ 4]	5727	6089	0	0
44	[ 2]	6151	6391	0	0
44	[ 4]	6462	6654	0	0
44	[ 4]	6677	6880	0	0
44	[ ]	7015	7188	0	0
45	[ ]	7	155	2840.398	0
45	[ ]	167	600	2840.398	0
45	[ ]	622	825	2840.398	0
45	[ ]	837	1929	2840.398	0
45	[ ]	1938	2190	2840.398	0
45	[ ]	2197	2500	2840.398	0
45	[ ]	2646	2956	2840.398	0
45	[ ]	2977	3256	2840.398	0
45	[ 3]	3297	3418	2840.398	0
45	[ 3]	3438	3846	2840.398	0
45	[ 3]	3880	4005	2840.398	0
45	[ 3]	4016	4171	2840.398	0
45	[ 4]	4232	4409	2840.398	0
45	[ 4]	4423	4596	2840.398	0
45	[ 4]	4624	4911	2840.398	0
45	[ 3]	4977	5272	2840.398	0
45	[ 4]	5342	5825	2840.398	0
45	[ 2]	5887	6003	2840.398	0
45	[ 2]	6027	6254	2840.398	0
45	[ 1]	6316	6421	2840.398	0
45	[ 1]	6450	6916	2840.398	0
45	[ 4]	6976	7195	2840.398	0
46	[ ]	7	1895	4437.052	0
46	[ ]	1907	2371	4437.052	0
46	[ ]	2516	2850	4437.052	0
46	[ ]	2862	3156	4437.052	0
46	[ 4]	3193	3431	4437.052	0
46	[ ]	3464	3649	4437.052	0
46	[ ]	3656	3933	4437.052	0
46	[ 4]	3986	4251	4437.052	0
46	[ 4]	4279	4489	4437.052	0
46	[ 1]	4543	4754	4437.052	0
46	[ 4]	4809	4922	4437.052	0
46	[ 4]	4943	5179	4437.052	0
46	[ 3]	5247	5319	4437.052	0
46	[ 3]	5347	5602	4437.052	0
46	[ 3]	5623	5730	4437.052	0
46	[ 2]	5784	6067	4437.052	0
46	[ 2]	6102	6235	4437.052	0
46	[ 2]	6258	6341	4437.052	0
46	[ 1]	6401	6678	4437.052	0
46	[ 1]	6704	7229	4437.052	0
46	[ 1]	7259	7424	4437.052	0
46	[ 1]	7550	7709	4437.052	0
47	[ ]	7	172	0	0
47	[ ]	191	889	0	0
47	[ ]	909	1856	0	0
47	[ ]	1867	2631	0	0
47	[ ]	2643	3489	0	0
47	[ ]	3504	3880	0	0
47	[ 1]	3906	4207	0	0
47	[ ]	4233	4528	0	0
47	[ 1]	4560	4839	0	0
47	[ 1]	4864	5096	0	0
47	[ 1]	5111	5484	0	0
47	[ 1]	5506	6069	0	0
47	[ ]	6175	6367	0	0
48	[ ]	7	386	0	0
48	[ ]	401	775	0	0
48	[ ]	785	1524	0	0
48	[ ]	1543	1909	0	0
48	[ ]	1921	2583	0	0
48	[ ]	2713	2941	0	0
48	[ ]	2961	3430	0	0
48	[ ]	3445	3669	0	0
48	[ ]	3684	3984	0	0
48	[ ]	4141	4808	0	0
48	[ 1]	4864	5048	0	0
48	[ 1]	5074	5467	0	0
48	[ 1]	5482	6642	0	0
48	[ 1]	6706	6891	0	0
49	[ 1]	7	584	3135.133	0
49	[ 1]	605	1307	3135.133	0
49	[ 1]	1326	1515	3135.133	0
49	[ 1]	1535	1886	3135.133	0
49	[ ]	1897	2581	3135.133	0
49	[ ]	2898	3321	3135.133	0
49	[ ]	3448	3541	3135.133	0
49	[ ]	3555	3867	3135.133	0
49	[ ]	3876	4004	3135.133	0
49	[ 1]	4036	4351	3135.133	0
49	[ 1]	4521	4680	3135.133	0
49	[ 1]	4706	4980	3135.133	0
49	[ 1]	4995	5354	3135.133	0
49	[ 1]	5376	5652	3135.133	0
49	[ 1]	5675	6078	3135.133	0
49	[ 1]	6099	6310	3135.133	0
49	[ 1]	6330	6849	3135.133	0
49	[ 1]	6875	7093	3135.133	0
49	[ 1]	7108	7551	3135.133	0
49	[ 1]	7578	7748	3135.133	0
49	[ 2]	7804	7940	3135.133	0
49	[ ]	7973	8079	3135.133	0
50	[ ]	7	704	0	0
50	[ 2]	737	881	0	0
50	[ 3]	907	1111	0	0
50	[ 4]	1169	1250	0	0
50	[ 3]	1300	1430	0	0
50	[ ]	1447	1890	0	0
50	[ ]	1900	2378	0	0
50	[ ]	2397	2690	0	0
50	[ ]	2850	3158	0	0
50	[ 2]	3203	3773	0	0
50	[ 3]	3832	3967	0	0
50	[ 3]	3985	4220	0	0
50	[ 3]	4247	4378	0	0
50	[ 2]	4425	4609	0	0
50	[ 2]	4637	6289	0	0
51	[ ]	7	273	0	0
51	[ ]	283	818	0	0
51	[ ]	826	1020	0	0
51	[ ]	1108	1519	0	0
51	[ ]	1669	1942	0	0
51	[ ]	1954	2752	0	0
51	[ ]	2914	3422	0	0
51	[ ]	3445	3636	0	0
51	[ ]	3647	4024	0	0
51	[ ]	4036	4569	0	0
51	[ 2]	4606	4844	0	0
51	[ ]	4869	5101	0	0
51	[ 2]	5129	5446	0	0
51	[ 2]	5463	5646	0	0
51	[ 2]	5687	6276	0	0
51	[ 2]	6290	6550	0	0
51	[ 2]	6590	6678	0	0
51	[ 1]	6719	6796	0	0
52	[ ]	7	147	2840.542	0
52	[ ]	158	788	2840.542	0
52	[ ]	801	1185	2840.542	0
52	[ ]	1310	2103	2840.542	0
52	[ 4]	2167	2312	2840.542	0
52	[ 4]	2323	2683	2840.542	0
52	[ 2]	2728	2864	2840.542	0
52	[ 2]	2881	3020	2840.542	0
52	[ 2]	3054	3662	2840.542	0
52	[ 2]	3683	4464	2840.542	0
52	[ 2]	4491	4676	2840.542	0
52	[ 2]	4693	4817	2840.542	0
52	[ 1]	4877	5011	2840.542	0
52	[ 1]	5031	5142	2840.542	0
52	[ 2]	5194	5468	2840.542	0
52	[ 2]	5497	5754	2840.542	0
52	[ 3]	5868	5997	2840.542	0
52	[ 3]	6013	6352	2840.542	0
52	[ 3]	6387	6561	2840.542	0
52	[ 3]	6572	7091	2840.542	0
52	[ 3]	7115	7401	2840.542	0
52	[ 2]	7444	7565	2840.542	0
53	[ ]	7	896	0	0
53	[ ]	915	1249	0	0
53	[ ]	1371	1716	0	0
53	[ ]	1727	1905	0	0
53	[ ]	1915	2458	0	0
53	[ ]	2604	2710	0	0
53	[ ]	2900	3041	0	0
53	[ ]	3196	3606	0	0
53	[ ]	3619	4572	0	0
53	[ ]	4590	4731	0	0
53	[ 3]	4773	5015	0	0
53	[ 3]	5040	5556	0	0
53	[ 3]	5581	6018	0	0
53	[ 3]	6046	6461	0	0
53	[ ]	6530	6697	0	0
54	[ ]	7	721	4788.153	0
54	[ ]	730	1910	4788.153	0
54	[ ]	1922	2083	4788.153	0
54	[ ]	2192	2364	4788.153	0
54	[ 4]	2561	2776	4788.153	0
54	[ 4]	2940	3044	4788.153	0
54	[ 4]	3065	3341	4788.153	0
54	[ 2]	3385	3562	4788.153	0
54	[ 2]	3578	3939	4788.153	0
54	[ 4]	3985	4149	4788.153	0
54	[ 4]	4161	4346	4788.153	0
54	[ 2]	4392	4552	4788.153	0
54	[ 2]	4563	4792	4788.153	0
54	[ 2]	4814	4925	4788.153	0
54	[ 2]	4943	5278	4788.153	0
54	[ 2]	5300	5486	4788.153	0
54	[ 3]	5543	5926	4788.153	0
54	[ 3]	5944	6214	4788.153	0
54	[ 3]	6236	6609	4788.153	0
54	[ 3]	6653	6861	4788.153	0
54	[ 1]	6905	7280	4788.153	0
54	[ 1]	7308	7497	4788.153	0
54	[ 1]	7518	7747	4788.153	0
54	[ 1]	7765	7868	4788.153	0
54	[ ]	8025	8188	4788.153	0
55	[ ]	7	243	2566.177	0
55	[ ]	384	778	2566.177	0
55	[ ]	793	991	2566.177	0
55	[ ]	1112	1984	2566.177	0
55	[ 4]	2010	2086	2566.177	0
55	[ 1]	2248	2296	2566.177	0
55	[ 1]	2478	2600	2566.177	0
55	[ ]	2619	2938	2566.177	0
55	[ ]	2950	3197	2566.177	0
55	[ 1]	3235	3356	2566.177	0
55	[ 1]	3373	3631	2566.177	0
55	[ 4]	3682	3923	2566.177	0
55	[ 1]	3972	4420	2566.177	0
55	[ 1]	4442	4807	2566.177	0
55	[ 4]	4856	5086	2566.177	0
55	[ 4]	5123	5418	2566.177	0
55	[ 4]	5458	6096	2566.177	0
55	[ 2]	6156	6559	2566.177	0
55	[ 2]	6586	6879	2566.177	0
55	[ 2]	6900	7084	2566.177	0
55	[ ]	7269	7375	2566.177	0
56	[ ]	7	928	3081.022	0
56	[ ]	950	1260	3081.022	0
56	[ ]	1285	2063	3081.022	0
56	[ ]	2075	2232	3081.022	0
56	[ 2]	2427	2616	3081.022	0
56	[ 2]	2637	2807	3081.022	0
56	[ 2]	2821	3094	3081.022	0
56	[ 4]	3138	3310	3081.022	0
56	[ 4]	3320	3704	3081.022	0
56	[ 4]	3725	4081	3081.022	0
56	[ 4]	4106	4257	3081.022	0
56	[ 2]	4308	4494	3081.022	0
56	[ 3]	4553	4763	3081.022	0
56	[ 3]	4788	5268	3081.022	0
56	[ 1]	5313	5455	3081.022	0
56	[ 1]	5473	5630	3081.022	0
56	[ 1]	5653	5870	3081.022	0
56	[ 2]	5931	6054	3081.022	0
56	[ 2]	6074	6276	3081.022	0
56	[ 2]	6302	6737	3081.022	0
56	[ 2]	6753	6977	3081.022	0
56	[ 2]	7005	7166	3081.022	0
56	[ 2]	7183	7508	3081.022	0
56	[ ]	7617	7688	3081.022	0
56	[ 2]	7712	7826	3081.022	0
57	[ ]	7	189	0	0
57	[ ]	197	480	0	0
57	[ ]	597	1280	0	0
57	[ ]	1404	1705	0	0
57	[ ]	1714	2014	0	0
57	[ 1]	2045	2184	0	0
57	[ 1]	2732	2872	0	0
57	[ ]	3018	3340	0	0
57	[ 3]	3506	3782	0	0
57	[ 3]	3797	4111	0	0
57	[ 3]	4134	4335	0	0
57	[ 1]	4406	4739	0	0
57	[ 1]	4759	5617	0	0
57	[ 1]	5644	5812	0	0
57	[ 1]	5836	6141	0	0
57	[ 1]	6295	6481	0	0
58	[ ]	7	1205	4516.917	0
58	[ ]	1212	1958	4516.917	0
58	[ 3]	1998	2278	4516.917	0
58	[ ]	2306	2422	4516.917	0
58	[ 3]	2555	2604	4516.917	0
58	[ 3]	2763	2876	4516.917	0
58	[ ]	2905	3175	4516.917	0
58	[ 1]	3210	3394	4516.917	0
58	[ 1]	3440	3629	4516.917	0
58	[ 1]	3654	3969	4516.917	0
58	[ 1]	3987	4064	4516.917	0
58	[ 3]	4115	4475	4516.917	0
58	[ 2]	4526	4835	4516.917	0
58	[ 3]	4905	5187	4516.917	0
58	[ 3]	5223	5427	4516.917	0
58	[ 2]	5486	5671	4516.917	0
58	[ 2]	5700	6031	4516.917	0
58	[ 2]	6059	6569	4516.917	0
58	[ 2]	6592	7259	4516.917	0
58	[ 3]	7314	7506	4516.917	0
58	[ ]	7560	7716	4516.917	0
59	[ ]	7	1451	2556.083	0
59	[ ]	1473	1923	2556.083	0
59	[ ]	1943	2233	2556.083	0
59	[ 2]	2284	2456	2556.083	0
59	[ 2]	2621	2759	2556.083	0
59	[ 2]	2775	2959	2556.083	0
59	[ 2]	2983	3142	2556.083	0
59	[ 2]	3165	3360	2556.083	0
59	[ ]	3393	3696	2556.083	0
59	[ 4]	3733	4081	2556.083	0
59	[ 3]	4148	4459	2556.083	0
59	[ 3]	4477	4682	2556.083	0
59	[ 3]	4708	4801	2556.083	0
59	[ 4]	4862	5023	2556.083	0
59	[ 4]	5045	5337	2556.083	0
59	[ 4]	5359	5506	2556.083	0
59	[ 4]	5529	5909	2556.083	0
59	[ 2]	5970	6214	2556.083	0
59	[ 2]	6241	6545	2556.083	0
59	[ 1]	6611	7020	2556.083	0
60	[ ]	7	128	0	0
60	[ ]	267	751	0	0
60	[ ]	762	958	0	0
60	[ ]	1093	1450	0	0
60	[ ]	1473	1655	0	0
60	[ ]	1665	1925	0	0
60	[ ]	1935	2258	0	0
60	[ ]	2268	2446	0	0
60	[ ]	2454	3025	0	0
60	[ 2]	3084	3472	0	0
60	[ 4]	3514	3807	0	0
60	[ 4]	3828	4223	0	0
60	[ 3]	4274	4657	0	0
60	[ 4]	4713	5001	0	0
60	[ 4]	5018	5458	0	0
60	[ 4]	5475	6292	0	0
60	[ 3]	6340	6684	0	0
60	[ ]	6710	6846	0	0
61	[ ]	7	902	0	0
61	[ ]	921	1167	0	0
61	[ ]	1177	1928	0	0
61	[ ]	1938	2209	0	0
61	[ ]	2320	2453	0	0
61	[ ]	2617	2818	0	0
61	[ ]	2838	3318	0	0
61	[ ]	3328	3654	0	0
61	[ ]	3673	3912	0	0
61	[ ]	3931	4472	0	0
61	[ ]	4493	4811	0	0
61	[ 3]	4862	5150	0	0
61	[ 3]	5170	6018	0	0
61	[ ]	6077	6241	0	0
62	[ ]	7	1182	2974.021	0
62	[ ]	1200	1898	2974.021	0
62	[ ]	1908	2666	2974.021	0
62	[ ]	2776	2907	2974.021	0
62	[ ]	3021	3204	2974.021	0
62	[ ]	3220	3433	2974.021	0
62	[ ]	3442	4517	2974.021	0
62	[ ]	4531	4748	2974.021	0
62	[ ]	4765	5142	2974.021	0
62	[ 3]	5186	5303	2974.021	0
62	[ 3]	5328	5736	2974.021	0
62	[ ]	5770	6134	2974.021	0
62	[ 4]	6181	6355	2974.021	0
62	[ 3]	6396	6554	2974.021	0
62	[ 3]	6578	7169	2974.021	0
62	[ 2]	7218	7644	2974.021	0
62	[ 4]	7717	7791	2974.021	0
63	[ ]	7	615	0	0
63	[ ]	650	865	0	0
63	[ ]	901	1018	0	0
63	[ ]	1025	1146	0	0
63	[ ]	1281	1595	0	0
63	[ ]	1603	1859	0	0
63	[ ]	1868	2059	0	0
63	[ 3]	2089	2230	0	0
63	[ 3]	2250	2272	0	0
63	[ ]	2437	2656	0	0
63	[ ]	2675	2755	0	0
63	[ ]	2906	3301	0	0
63	[ ]	3318	4121	0	0
63	[ ]	4137	4626	0	0
63	[ 2]	4661	4938	0	0
63	[ 2]	4959	5186	0	0
63	[ 2]	5291	5555	0	0
63	[ 2]	5588	5803	0	0
63	[ 2]	5833	6185	0	0
63	[ ]	6237	6431	0	0
64	[ ]	7	93	0	0
64	[ ]	105	861	0	0
64	[ ]	869	1025	0	0
64	[ ]	1156	1897	0	0
64	[ ]	1908	2557	0	0
64	[ ]	2714	2880	0	0
64	[ ]	2902	3732	0	0
64	[ ]	3745	3965	0	0
64	[ ]	3977	4317	0	0
64	[ ]	4334	4727	0	0
64	[ 3]	4753	5037	0	0
64	[ 1]	5087	5367	0	0
64	[ 1]	5390	5916	0	0
64	[ 1]	5941	6232	0	0
64	[ ]	6288	6539	0	0
